 6.418666923797844
 -0.826331293836273
 0.1839165900063139
 -0.8263312938362715
 1.937732574711877
 -0.5849070790260149
 0.1839165900063135
 -0.5849070790260151
 0.693765597152018
 16.04621664049315
 -0.4342479462940643
 0.06285720747884067
 -0.4342479462940644
 1.429514786396943
 -0.2471718905615604
 0.06285720747884069
 -0.2471718905615604
 0.3213136151037679
 38.45391197966916
 -0.1982365057126814
 0.016854665527396
 -0.1982365057126832
 1.053539179270715
 -0.1025590115189918
 0.01685466552739611
 -0.102559011518992
 0.1468819406510811
 91.28331240456829
 -0.08405986453147518
 0.003918518611609069
 -0.0840598645314752
 0.7632380013701917
 -0.03983016568122606
 0.00391851861160907
 -0.03983016568122607
 0.06482780993148812
 188.3640710328366
 -0.0382250137710036
 0.0009718458622691858
 -0.03822501377099639
 0.5473430209264762
 -0.0153172835182594
 0.0009718458622684598
 -0.01531728351825939
 0.02849971509415143
 433.0248446724697
 -0.01504415163361615
 0.0002083009402028247
 -0.01504415163361615
 0.3823620322068042
 -0.005718916436363636
 0.0002083009402028247
 -0.005718916436363636
 0.01219846927498786
 944.8770500224983
 -0.005836054788081004
 4.5420175066484e-05
 -0.005836054788081008
 0.2597887456597782
 -0.00214952029284213
 4.542017506648401e-05
 -0.00214952029284213
 0.005186439986909212
 1997.491438005547
 -0.002326064374486683
 9.610724307742515e-06
 -0.002326064374469748
 0.1769673038637857
 -0.0007669941184971305
 9.610724308073554e-06
 -0.0007669941184971273
 0.002132370216922943
 3890.890302413008
 -0.001013082340019929
 2.238102304484098e-06
 -0.001013082339984671
 0.122220690697348
 -0.0002802727279868666
 2.238102303823852e-06
 -0.0002802727279868575
 0.0008927119786179428
 7213.488777379825
 -0.0004334847304892052
 4.985170712054069e-07
 -0.0004334847305859327
 0.08181416233097137
 -9.682247947946635e-05
 4.985170720465116e-07
 -9.682247947946243e-05
 0.000355667608239444
