 10.05836681774377
 -4.386700647460541
 3.533343705987476
 -3.160906526644835
 2.311437668437049
 -1.956736059706511
 1.258294166494432
 -0.5249743809044602
 0.1464005349864684
 -0.01408671131832599
 -4.386700647460737
 8.447794258548544
 -9.210328091270416
 8.611257191669452
 -6.972235632322927
 6.389088558306913
 -4.195501934533389
 1.783046430958905
 -0.5508281795824073
 0.07178592496443655
 3.533343705990741
 -9.210328091282943
 24.80080152463285
 -34.49362217416317
 36.98378456505627
 -38.03517482302301
 26.85706877503725
 -12.56981059376061
 4.264051420658282
 -0.5910196505251182
 -3.1609065266655
 8.611257191726775
 -34.49362217427181
 67.62199294952664
 -96.02498859764688
 113.9590644466014
 -88.56610753485928
 45.26642309476417
 -16.32542195804946
 2.37633323285795
 2.311437668577868
 -6.972235632555152
 36.9837845656833
 -96.02498859849968
 196.1086920211415
 -298.2126286862823
 273.9912191917196
 -160.5092109662769
 63.00035467434355
 -9.760860734584213
 -1.956736060108311
 6.389088559085372
 -38.0351748249589
 113.9590644494291
 -298.2126286888994
 564.9506280673673
 -613.5283298053824
 413.8657742241487
 -177.1046788235069
 29.18411600133113
 1.258294167108196
 -4.195501935648736
 26.85706877791758
 -88.56610753956313
 273.9912191972161
 -613.5283298102786
 771.7254124491963
 -598.9299963807495
 282.0308921532425
 -50.1727004476685
 -0.524974381499265
 1.783046431992387
 -12.56981059654459
 45.26642309924944
 -160.5092109727939
 413.8657742324258
 -598.9299963865649
 544.6453608961538
 -291.6301056463447
 58.50718327656781
 0.1464005353055966
 -0.550828180188401
 4.264051422124512
 -16.32542196070344
 63.00035467835231
 -177.1046788298541
 282.0308921588925
 -291.6301056487914
 176.9688533132152
 -40.6997093568467
 -0.01408671138929336
 0.07178592505508617
 -0.5910196508847629
 2.376333233346935
 -9.760860735675525
 29.18411600284591
 -50.17270044954045
 58.507183277484
 -40.6997093571864
 11.14141316691637
 20.14258989058568
 -5.657483726311925
 4.260023153481303
 -3.531456945164034
 3.217305460524854
 -2.626918935048859
 1.69277783389242
 -0.8443255767650317
 0.1929610727700505
 -0.02359982725457366
 -5.6574837263046
 9.757124488684804
 -8.367763792811164
 6.781917282700235
 -6.066731968263203
 4.978720548000407
 -3.283103216963009
 1.68229937711518
 -0.4003809896803658
 0.05129767330252822
 4.260023153451238
 -8.367763792792735
 14.36433805155947
 -15.34449908478453
 15.35875344658541
 -13.24636811403371
 9.141644849105512
 -4.866610886011039
 1.222032547148381
 -0.1660165876745194
 -3.531456945061451
 6.781917282600566
 -15.34449908463946
 24.60274839276143
 -31.64288943172235
 30.77513746094455
 -23.21472603275183
 12.99475233810221
 -3.397575751547193
 0.4690488482948721
 3.217305460210452
 -6.066731967907322
 15.35875344591595
 -31.64288943093344
 56.0421568904382
 -66.87785139797134
 58.70875831134735
 -35.40122064058141
 9.755775441842054
 -1.376824482539226
 -2.626918934457691
 4.978720547285254
 -13.24636811260778
 30.77513745882968
 -66.87785139596318
 96.21710111785988
 -99.72485764033036
 66.04042646898444
 -19.75983670884179
 2.959407227234062
 1.692777833069617
 -3.283103215948433
 9.141644847004398
 -23.21472602929854
 58.70875830682284
 -99.72485763697584
 125.8260390641725
 -95.78681100032155
 33.08701184544906
 -5.557392778691768
 -0.844325576088807
 1.682299376276132
 -4.866610884255476
 12.99475233509116
 -35.40122063620832
 66.04042646492739
 -95.78681099847141
 82.40187418039638
 -32.85026942375716
 6.234761618416662
 0.1929610725131523
 -0.4003809893626396
 1.222032546479024
 -3.397575750359729
 9.75577544000136
 -19.75983670691004
 33.08701184419554
 -32.85026942329046
 15.91669557386581
 -3.653106330383919
 -0.02359982720734731
 0.05129767324437877
 -0.1660165875520432
 0.4690488480759892
 -1.37682448217325
 2.959407226847347
 -5.557392778383512
 6.234761618287364
 -3.653106330357353
 1.062451525838521
 51.78219002905867
 -5.048488414954623
 3.325621311874515
 -2.527231324265607
 2.668558968716891
 -2.610480997645992
 1.511209833925065
 -0.744289624209436
 0.2982129899008373
 -0.03768159751758569
 -5.048488415101996
 8.864965754245206
 -5.462951862466246
 3.503572222347113
 -3.068757967986009
 2.692879436329664
 -1.388232193500536
 0.6046537733634949
 -0.2226366396870646
 0.02549335467864615
 3.325621312198781
 -5.462951862531719
 7.837093227367164
 -6.301212013048524
 5.802070156615881
 -5.05081452697369
 2.555800648352718
 -1.097122996036736
 0.4043086533368512
 -0.0470907645565604
 -2.527231324830195
 3.50357222250949
 -6.301212013158151
 7.83490994846293
 -8.946651491863685
 8.265992726050969
 -4.393086123786246
 1.999148464419262
 -0.7710656741655577
 0.09474873408672813
 2.66855896995584
 -3.068757968406685
 5.802070157018526
 -8.946651492154485
 15.11294848082343
 -16.98063403627594
 10.63369096359634
 -5.476917094410437
 2.243410554582062
 -0.2902360059647927
 -2.610480999415603
 2.692879436963487
 -5.050814527646903
 8.265992726649371
 -16.98063403668793
 22.50164077597157
 -16.41099414332488
 9.455958296227754
 -4.072240877730467
 0.5469784097382897
 1.5112098353927
 -1.388232194044158
 2.555800648977796
 -4.393086124411422
 10.63369096423586
 -16.41099414375551
 14.39853575064786
 -9.782048005202972
 4.570799106857778
 -0.6548223282121002
 -0.744289625209296
 0.6046537737402143
 -1.097122996497279
 1.999148464915637
 -5.476917095013848
 9.455958296767449
 -9.782048005410164
 8.219149594559267
 -4.430112336655792
 0.7358415234758028
 0.2982129903851633
 -0.2226366398703245
 0.4043086535683609
 -0.7710656744239119
 2.24341055491841
 -4.072240878057621
 4.570799107014109
 -4.430112336694428
 2.739964546512359
 -0.5427139532348978
 -0.03768159759163065
 0.02549335470668522
 -0.04709076459307732
 0.09474873412871876
 -0.2902360060225599
 0.5469784097978745
 -0.6548223282443437
 0.7358415234874019
 -0.5427139532377355
 0.1453983819414361
 140.0050511513301
 -3.168717649159799
 1.467958616846225
 -1.127868141698205
 0.9552246115481239
 -0.717189319067239
 0.4759436698698659
 -0.2364153401342116
 0.0696176107590612
 -0.01057100661934619
 -3.168717649462561
 7.797639026649185
 -3.224220526221442
 2.07058052039191
 -1.520662884767932
 1.012847572296329
 -0.6119725854294604
 0.2837730731057933
 -0.07886537801373665
 0.01146408061217684
 1.4679586171838
 -3.224220526145936
 3.981462206719792
 -3.044121041705507
 2.267706771897567
 -1.488873383149074
 0.8864170998599884
 -0.4072439843184826
 0.1125449890929047
 -0.0163173283416854
 -1.127868142190143
 2.070580520226393
 -3.044121041646308
 3.954044573158933
 -3.602913587797621
 2.586181919171852
 -1.598810966738035
 0.7458346187022902
 -0.2075142232819497
 0.03015226078655268
 0.9552246122131075
 -1.520662884513866
 2.267706771782466
 -3.602913587742702
 4.401712643819253
 -3.783518974062486
 2.566443625963733
 -1.252206182298042
 0.3573154294331779
 -0.05257429111736014
 -0.7171893198111815
 1.012847572004741
 -1.4888733830046
 2.586181919079077
 -3.783518974016975
 4.105041083486286
 -3.285813004738851
 1.768155246576768
 -0.5385364693263361
 0.08242519585715791
 0.4759436705526592
 -0.6119725851693321
 0.8864170997254656
 -1.598810966640514
 2.566443625901134
 -3.285813004714138
 3.213580885147234
 -2.021791607865743
 0.6971473170252833
 -0.1162192249046356
 -0.236415340568595
 0.2837730729482008
 -0.4072439842350166
 0.7458346186375547
 -1.252206182251889
 1.768155246553027
 -2.021791607857983
 1.521016415688362
 -0.6237158260648701
 0.1186200043627385
 0.0696176109177945
 -0.07886537795954868
 0.1125449890636873
 -0.2075142232580589
 0.3573154294150939
 -0.5385364693157437
 0.6971473170206685
 -0.6237158260636323
 0.3226969583598857
 -0.07598475375467927
 -0.01057100664786606
 0.011464080602997
 -0.01631732833667089
 0.03015226078228861
 -0.0525742911139718
 0.08242519585512317
 -0.1162192249035265
 0.1186200043624118
 -0.07598475375463827
 0.02440134321522798
 183.6079463054469
 -4.557263295312733
 0.8388484606411017
 -0.3552912572904495
 0.2431111838929626
 -0.1946084801938414
 0.1119917289754102
 -0.04389672761805415
 0.0140433102972022
 -0.001911551358572094
 -4.557263296297323
 9.322882799304127
 -1.895968720046647
 0.7866748983246286
 -0.5228910727702518
 0.4102310084921147
 -0.2325416626263499
 0.08987338044059878
 -0.02848209956361317
 0.003846977698957753
 0.8388484612940689
 -1.895968720182224
 2.072939662919932
 -0.9846062705810444
 0.6326303871145116
 -0.472153242216978
 0.2557908363950229
 -0.09431471775354636
 0.02889569997413114
 -0.003790876726162856
 -0.3552912578749178
 0.7866748984965012
 -0.9846062706109699
 1.020385575191396
 -0.7818154910942626
 0.5959685392298517
 -0.319752483348589
 0.1155464045616978
 -0.03480489961892105
 0.004497275819935504
 0.2431111845583594
 -0.522891073000048
 0.6326303871632847
 -0.7818154911052846
 0.941704882672765
 -0.8652779649913559
 0.5111254905445964
 -0.1974427015351914
 0.06168694522834035
 -0.008192092373709202
 -0.1946084809120981
 0.4102310087623685
 -0.4721532422762781
 0.5959685392458588
 -0.8652779649954743
 1.022992547603622
 -0.7159901205605974
 0.3157498326140054
 -0.1062870172278599
 0.01488899042343299
 0.1119917294856966
 -0.2325416628304369
 0.2557908364397593
 -0.3197524833614407
 0.5111254905487093
 -0.7159901205618336
 0.6105696622667194
 -0.3230932628408221
 0.1207581269518017
 -0.01815923718762701
 -0.04389672785998121
 0.08987338054310202
 -0.09431471777563064
 0.115546404568289
 -0.1974427015374776
 0.3157498326148578
 -0.3230932628410144
 0.2212162116757277
 -0.09981496314543498
 0.01743867808601309
 0.01404331038491733
 -0.02848209960229104
 0.02889569998229977
 -0.03480489962142111
 0.06168694522921318
 -0.1062870172282157
 0.1207581269518787
 -0.09981496314545003
 0.05633336526144716
 -0.0122832471425407
 -0.001911551371795041
 0.003846977704988521
 -0.003790876727406911
 0.004497275820333275
 -0.008192092373848471
 0.01488899042345998
 -0.01815923718768511
 0.01743867808598428
 -0.01228324714254579
 0.003894899467078691
 409.8487042414833
 -1.965724333184901
 0.3339655610206415
 -0.1028475945839022
 0.05178942055987102
 -0.03473211426299419
 0.01740040569979517
 -0.006293289297654711
 0.001735263912499878
 -0.0001906395917926133
 -1.965724335203998
 6.666309894215091
 -1.209139554463513
 0.3714367298928944
 -0.1855433391354685
 0.1238382834552482
 -0.06183624072251848
 0.02230698483479931
 -0.006140688536578321
 0.000673728756266163
 0.3339655620479606
 -1.209139554543223
 1.246489658337057
 -0.4690903558976395
 0.2407827311700795
 -0.159323471293369
 0.07848691959356301
 -0.02789515479915103
 0.007589981458378341
 -0.0008236973740067721
 -0.1028475952611284
 0.3714367299590326
 -0.4690903558961781
 0.4279536238132581
 -0.2652386731966772
 0.1788804589008123
 -0.08700731027120182
 0.0302281762013997
 -0.008063197722694976
 0.0008585299215337444
 0.05178942118113803
 -0.1855433391994079
 0.2407827311630952
 -0.2652386731921612
 0.2805993176763017
 -0.2279403454978065
 0.1218028518373916
 -0.04482580489782859
 0.01233111324946541
 -0.001342809980771249
 -0.03473211486185866
 0.1238382835171526
 -0.159323471282821
 0.1788804588937701
 -0.2279403454951771
 0.2442742338034166
 -0.1563106620860112
 0.06513915181873367
 -0.01922469962286076
 0.002205829563946688
 0.01740040609650768
 -0.06183624076313716
 0.07848691958460459
 -0.08700731026536855
 0.1218028518344661
 -0.1563106620848418
 0.1261873814599477
 -0.06383574928576949
 0.02112814785007772
 -0.002632821649689258
 -0.006293289480798898
 0.02230698485318192
 -0.02789515479422689
 0.03022817619834902
 -0.04482580489608508
 0.06513915181781137
 -0.06383574928551855
 0.04240266200617678
 -0.0171898708517077
 0.002536749916020301
 0.001735263972479419
 -0.006140688542463075
 0.007589981456585798
 -0.008063197721638049
 0.01233111324882329
 -0.01922469962249481
 0.02112814784995092
 -0.0171898708516899
 0.00904517653348972
 -0.001740503382303369
 -0.0001906395994707809
 0.0006737287569982522
 -0.0008236973737570975
 0.0008585299213932578
 -0.00134280998068467
 0.002205829563894903
 -0.002632821649670439
 0.002536749916011898
 -0.001740503382308668
 0.0005542320566615565
 876.0150688252768
 -2.881698809883476
 0.1466942157964652
 -0.02851068809039169
 0.01159026773359568
 -0.006576742066143542
 0.002712180819909088
 -0.0008699894839737095
 0.0002716719618952627
 -3.190637596381976e-05
 -2.881698778954871
 9.700472916710538
 -0.5661955800211249
 0.1130173425460794
 -0.04635227549014222
 0.02638535376440865
 -0.01090109180099759
 0.003501355087650067
 -0.001094076279386482
 0.0001285574448985994
 0.1466942092664434
 -0.5661955804216653
 0.7116402888830328
 -0.1703327581911445
 0.07207783944762032
 -0.04114688461045114
 0.01696983275853621
 -0.005431846199464498
 0.00169296168887382
 -0.000198440277820442
 -0.02851068511895311
 0.1130173427712858
 -0.1703327581963362
 0.1555670155553037
 -0.07916239826872014
 0.04599730347494197
 -0.01876112271545323
 0.00587596220581015
 -0.001802104039136382
 0.0002080087006662848
 0.01159026553687972
 -0.04635227566541153
 0.07207783944981949
 -0.07916239826743539
 0.07978782690797834
 -0.05639404611779466
 0.0253908265201206
 -0.008470078380303859
 0.002674165567996611
 -0.0003154952725783775
 -0.006576740301972877
 0.02638535390685948
 -0.04114688461056543
 0.04599730347302686
 -0.05639404611716831
 0.05544380511188644
 -0.03055355554986909
 0.01171663465482115
 -0.003950267361250033
 0.0004897087003627556
 0.002712179862548092
 -0.01090109187872934
 0.01696983275766958
 -0.01876112271401252
 0.02539082651949769
 -0.03055355554965301
 0.022298798724077
 -0.01068108380945181
 0.003982517835105421
 -0.000527901869941873
 -0.0008699890886112774
 0.003501355119925207
 -0.005431846198682678
 0.005875962205064595
 -0.00847007837994433
 0.01171663465465184
 -0.01068108380941077
 0.007202881298204807
 -0.003284348996714968
 0.0005115926891342776
 0.0002716718184025439
 -0.001094076291154845
 0.001692961688485657
 -0.001802104038835517
 0.002674165567845981
 -0.003950267361171614
 0.003982517835079785
 -0.00328434899671514
 0.001919946652427001
 -0.0003824072967190884
 -3.190635672257341e-05
 0.0001285574464854482
 -0.0001984402777548688
 0.0002080087006229818
 -0.0003154952725581571
 0.0004897087003429299
 -0.0005279018699488
 0.0005115926891233707
 -0.0003824072967247834
 0.0001237357960150584
 3864.791467570116
 -1.450610069989485
 0.04736343022004096
 -0.006213402881076083
 0.001593139291421506
 -0.0007109616394568016
 0.0002561229347023634
 -8.282139687966826e-05
 1.381478246960644e-05
 -1.600169260434727e-06
 -1.450609902016075
 9.810518577166601
 -0.3534470883950186
 0.04732915292903687
 -0.01222851539637378
 0.005471484679053424
 -0.001974305068469811
 0.000638967820445123
 -0.0001066532614126007
 1.235861110391876e-05
 0.04736340619750061
 -0.3534470871094389
 0.4759335482346956
 -0.07859292344037502
 0.0216011903698961
 -0.009845681390694413
 0.003590842384227848
 -0.00116836932133929
 0.0001958171661596247
 -2.274404527813995e-05
 -0.006213395351700421
 0.04732915241476463
 -0.07859292341213393
 0.06980558185280851
 -0.02446447315412526
 0.01164637149455802
 -0.004295632872650773
 0.001397156646561626
 -0.0002332296213734383
 2.6979244532971e-05
 0.001593135553146118
 -0.01222851510885809
 0.02160119034835949
 -0.02446447315187845
 0.02189468742258181
 -0.01274834709261165
 0.005192058953594001
 -0.001765040800379718
 0.000304133327081499
 -3.580903204612831e-05
 -0.0007109592305921286
 0.005471484480886484
 -0.009845681374695761
 0.01164637149252922
 -0.012748347092339
 0.0113173824358606
 -0.005810639102235684
 0.002187278615160583
 -0.0004023556901741119
 4.88028136470933e-05
 0.0002561217481481665
 -0.001974304964107089
 0.003590842375573708
 -0.004295632871449802
 0.005192058953367983
 -0.005810639102173079
 0.004391490529445768
 -0.002057851411501824
 0.0004497908321795699
 -6.036391317958671e-05
 -8.282092344668397e-05
 0.0006389677765760299
 -0.001168369317700818
 0.001397156646034828
 -0.001765040800269708
 0.002187278615118719
 -0.002057851411494803
 0.001303511513520448
 -0.0003752305735880862
 5.926809177240089e-05
 1.381468572971475e-05
 -0.0001066532519325608
 0.0001958171653831803
 -0.0002332296212572354
 0.0003041333270561678
 -0.0004023556901617656
 0.0004497908321770007
 -0.0003752305735881015
 0.000176350252577032
 -3.842356227217896e-05
 -1.600156342768519e-06
 1.235860978432381e-05
 -2.274404517127211e-05
 2.69792445174117e-05
 -3.580903204191725e-05
 4.880281364528685e-05
 -6.036391318066709e-05
 5.926809176937898e-05
 -3.842356227522907e-05
 1.539130842493045e-05
 2456.101375061065
 -1.542574730540448
 0.03252915473921492
 -0.00347476293767316
 0.0006971863878994155
 -0.0001967373288731071
 7.55092108395267e-05
 -2.481669314866748e-05
 5.108450518560731e-06
 -3.945693860650019e-07
 -1.542574733066495
 7.615682583899821
 -0.1807149662614747
 0.01979575100763321
 -0.004007823595974703
 0.001135797265779116
 -0.0004367851579410731
 0.0001437108603598386
 -2.960359174887368e-05
 2.287845991080829e-06
 0.03252915534961755
 -0.1807149679697761
 0.2574607011847503
 -0.03480612725667234
 0.007491323484322074
 -0.002178690562357419
 0.0008472829184238089
 -0.0002804702023839544
 5.799867079110418e-05
 -4.496011580461109e-06
 -0.003474763147747117
 0.01979575153292879
 -0.03480612724509931
 0.03090922279635105
 -0.008712196365290911
 0.002786866566971459
 -0.001124438398181208
 0.0003792337826487981
 -7.932102875582259e-05
 6.202984587338307e-06
 0.0006971864907451099
 -0.004007823800072485
 0.007491323477199831
 -0.00871219636437366
 0.006814812035374991
 -0.002843886851234234
 0.001248510510405367
 -0.0004359060502426101
 9.271406617845923e-05
 -7.321570004318942e-06
 -0.0001967373914212746
 0.001135797359627217
 -0.002178690558442593
 0.00278686656630746
 -0.002843886851142315
 0.002266661084067287
 -0.00124526252493505
 0.0004814401022288762
 -0.0001082217483447504
 8.871089021452946e-06
 7.550925236004945e-05
 -0.0004367852071929888
 0.0008472829162227741
 -0.001124438397769206
 0.001248510510333103
 -0.001245262524923122
 0.001013418834830002
 -0.0004871492469074408
 0.0001250283955588859
 -1.131097008648429e-05
 -2.481671371248981e-05
 0.0001437108805133609
 -0.0002804702014541301
 0.0003792337824651316
 -0.0004359060502072882
 0.0004814401022208829
 -0.0004871492469056868
 0.0003245112308642929
 -0.0001057278660689248
 1.161005017561213e-05
 5.10845639167821e-06
 -2.960359665339809e-05
 5.799867056096463e-05
 -7.932102870835249e-05
 9.271406616943661e-05
 -0.0001082217483415529
 0.000125028395558628
 -0.000105727866068718
 5.045001967278411e-05
 -7.890491246431019e-06
 -3.945700063769483e-07
 2.287846432751699e-06
 -4.496011559576964e-06
 6.202984582625442e-06
 -7.321570003652604e-06
 8.871089021042267e-06
 -1.131097008605202e-05
 1.16100501762459e-05
 -7.890491245987277e-06
 2.769761836514216e-06
 5955.527798258454
 -0.602064861032683
 0.01078415607032879
 -0.0008677638568605988
 0.000200688702486304
 -4.104360463925589e-05
 9.301102913480495e-06
 -2.028315959896556e-06
 3.801820455477e-07
 -4.786977834521286e-08
 -0.6020648366842416
 5.200853529280911
 -0.1018888578052961
 0.008378652039999128
 -0.001950148535187268
 0.0004002545171208678
 -9.087793142284676e-05
 1.98401212147929e-05
 -3.721272884245424e-06
 4.687337114805663e-07
 0.01078415389452281
 -0.101888858118203
 0.1426247208835671
 -0.01480114838192842
 0.003641386859443462
 -0.0007684210501784152
 0.0001769090293327963
 -3.89198954049031e-05
 7.332586744983592e-06
 -9.25904448767718e-07
 -0.0008677632690433434
 0.008378652122865919
 -0.01480114838712375
 0.01353726312488372
 -0.004168415906659547
 0.00096747865192677
 -0.0002325053577769207
 5.230809144355569e-05
 -9.979491238762456e-06
 1.268771967260382e-06
 0.0002006884092927922
 -0.001950148569883278
 0.00364138686217303
 -0.004168415906818894
 0.003210869476363776
 -0.001026866377904553
 0.0002835797019629212
 -6.847501827282664e-05
 1.35817864533621e-05
 -1.763032285033672e-06
 -4.10434816551022e-05
 0.0004002545287584016
 -0.0007684210511658579
 0.0009674786520074125
 -0.00102686637791856
 0.0006881120024555497
 -0.0002556656965147337
 7.129591091472643e-05
 -1.526452313684734e-05
 2.062005388629662e-06
 9.301052688730606e-06
 -9.087793526289135e-05
 0.0001769090296615507
 -0.0002325053578074116
 0.0002835797019701191
 -0.0002556656965160612
 0.0001692865191019515
 -6.289883205217084e-05
 1.565738459448123e-05
 -2.285708387135084e-06
 -2.028298421083534e-06
 1.984012232420927e-05
 -3.891989549844943e-05
 5.230809145273054e-05
 -6.847501827557097e-05
 7.129591091509426e-05
 -6.28988320524755e-05
 3.899929833419841e-05
 -1.295691482131109e-05
 2.194690041489665e-06
 3.801773402203657e-07
 -3.721273137910556e-06
 7.332586765951309e-06
 -9.979491240840549e-06
 1.358178645414589e-05
 -1.526452313681388e-05
 1.565738459483078e-05
 -1.295691482108773e-05
 7.199568138888438e-06
 -1.632835639134567e-06
 -4.786902627154673e-08
 4.687337473247454e-07
 -9.259044517746984e-07
 1.268771967648624e-06
 -1.763032285025168e-06
 2.062005388854184e-06
 -2.285708386636305e-06
 2.194690042287727e-06
 -1.632835638459477e-06
 6.807483817523738e-07
