 9.432808359745314
 -4.430629956854906
 2.627813225800616
 -1.251922273012429
 0.2922709553361724
 -4.430629956854968
 8.823649793563227
 -7.290087870879892
 3.681458558940907
 -0.8728086758686397
 2.627813225800789
 -7.29008787088007
 12.19609866702853
 -8.665295058510669
 2.373714954709226
 -1.25192227301261
 3.681458558941159
 -8.6652950585108
 9.811303047478191
 -3.687178739586782
 0.2922709553362436
 -0.8728086758687282
 2.373714954709314
 -3.687178739586798
 2.162802577851369
 21.70062360415131
 -4.733701411530355
 2.238127588901237
 -0.9647361826700137
 0.215093458534471
 -4.733701411530316
 7.851202308742596
 -4.375212976190507
 1.831314279185046
 -0.3921972013114231
 2.238127588901178
 -4.375212976190501
 6.142544494439333
 -3.491580568979204
 0.8329309612522295
 -0.9647361826699561
 1.831314279185035
 -3.491580568979193
 3.635635256647532
 -1.206356643515585
 0.2150934585344509
 -0.3921972013114154
 0.8329309612522267
 -1.206356643515584
 0.7440788677660259
 47.73856641462757
 -4.195599669370236
 1.354383227821541
 -0.4619670218183521
 0.08856508028148681
 -4.195599669370236
 7.403716182012485
 -2.68431398031844
 0.8907319708100634
 -0.1655359199032973
 1.354383227821541
 -2.68431398031844
 3.361506771713025
 -1.483711933867401
 0.3010323559014162
 -0.461967021818352
 0.8907319708100628
 -1.483711933867401
 1.457716193802543
 -0.4167790267594719
 0.08856508028148685
 -0.1655359199032971
 0.3010323559014161
 -0.4167790267594722
 0.2727864579798438
 103.9431100657827
 -3.297773759867442
 0.6756622014994894
 -0.1735617440746825
 0.02870319227624012
 -3.297773759867688
 7.132407274206984
 -1.640026062419625
 0.4199475012638064
 -0.06869160057385561
 0.6756622014996121
 -1.640026062419599
 1.925400529306241
 -0.6472976388634661
 0.1141687306262983
 -0.1735617440747379
 0.4199475012637903
 -0.6472976388634646
 0.6174486734858701
 -0.1535299393412124
 0.02870319227625327
 -0.0686916005738516
 0.1141687306262975
 -0.153529939341213
 0.1062683105737298
 212.3973330832903
 -2.731399907347422
 0.3343851841447914
 -0.06366730611115692
 0.008383797234501127
 -2.731399907347303
 7.148148248986028
 -0.996602221293308
 0.1928530800297082
 -0.02544066384175937
 0.3343851841447408
 -0.9966022212933107
 1.16718454885862
 -0.2933594560777656
 0.04168823352659422
 -0.063667306111137
 0.1928530800297084
 -0.2933594560777662
 0.2746441746953824
 -0.05552351696417275
 0.00838379723449806
 -0.02544066384175895
 0.04168823352659519
 -0.05552351696417219
 0.04071101024622926
 462.8971401220347
 -1.98320025691213
 0.1523146240865364
 -0.02142976501535303
 0.002270885189829095
 -1.983200256912206
 6.885632712967821
 -0.5991956213557732
 0.08626250910458254
 -0.00920297416706686
 0.1523146240865896
 -0.5991956213557609
 0.722648128236587
 -0.1347194323529465
 0.0155143195637715
 -0.02142976501537953
 0.08626250910458133
 -0.1347194323529472
 0.1254306597177027
 -0.02060181796468076
 0.002270885189835199
 -0.009202974167067798
 0.01551431956377076
 -0.02060181796468163
 0.01589714072694258
 959.1485134174807
 -1.566426506681693
 0.06944448676710335
 -0.007152598527004114
 0.0006179479749888662
 -1.566426506680251
 6.877508775599411
 -0.3444619762733982
 0.03639113787835847
 -0.003171171232437759
 0.06944448676689476
 -0.3444619762734111
 0.4497922041020913
 -0.06094678198668685
 0.005722437120677554
 -0.007152598526962587
 0.03639113787836174
 -0.06094678198668636
 0.05766900250744884
 -0.007691356632009672
 0.0006179479749818742
 -0.003171171232438247
 0.005722437120677617
 -0.00769135663200962
 0.006228543784447723
 1839.372917237422
 -1.268207890494087
 0.03344400440553116
 -0.002442835822758193
 0.0001766261164908621
 -1.268207890490984
 6.806525152716537
 -0.2013001198751856
 0.01507371346986348
 -0.001099112293176249
 0.03344400440516334
 -0.2013001198751696
 0.2863857989575803
 -0.02736135610903081
 0.002143961917909336
 -0.002442835822695973
 0.01507371346985843
 -0.02736135610903075
 0.02678274009057293
 -0.002945732267548313
 0.0001766261164845043
 -0.001099112293175391
 0.002143961917909325
 -0.002945732267548105
 0.002482261751035455
 4085.349258667521
 -0.923648676165283
 0.01432811687989463
 -0.0007971932977245273
 4.681842148640028e-05
 -0.9236486761559743
 6.682091912877119
 -0.1144772507511653
 0.006504073718018317
 -0.0003847244124141402
 0.01432811687929123
 -0.1144772507512305
 0.1805463525383678
 -0.01291506938633034
 0.0008186264341275862
 -0.0007971932976648965
 0.006504073718025531
 -0.01291506938633021
 0.01293653511312465
 -0.001148330214094503
 4.681842148275398e-05
 -0.000384724412414352
 0.0008186264341277292
 -0.001148330214094324
 0.001002116053854805
 7196.359281106312
 -0.7333500914929761
 0.007308740527087233
 -0.0002897759194665908
 1.255777708140268e-05
 -0.7333500914868828
 6.347844656702463
 -0.06917455935148978
 0.002794099546292002
 -0.0001218533113116147
 0.00730874052673612
 -0.06917455935146072
 0.1175515008926014
 -0.005946782215134043
 0.0002776105301579305
 -0.0002897759194296902
 0.002794099546288538
 -0.005946782215133899
 0.006211939718684721
 -0.0004054732348434814
 1.255777707786279e-05
 -0.0001218533113113655
 0.0002776105301579773
 -0.0004054732348434078
 0.0003778483252214118
