 27.02994123684877
 -14.22251608031405
 10.92479824690626
 -9.267813392847311
 7.508823501492182
 -5.642735647318403
 3.614767803759583
 -1.737290855065151
 0.5464517936868062
 -0.07985482343841364
 -14.22251608031485
 30.06863724884149
 -32.93871489348705
 31.37366099529964
 -27.7855033732373
 22.39271308541265
 -14.93488660555993
 7.324446225186404
 -2.338656916718293
 0.3486413086620286
 10.92479824690032
 -32.93871489341876
 71.74806388380121
 -98.68901639888256
 106.1311162578507
 -96.03799909785998
 68.75247520869517
 -35.26158866020756
 11.58377772762413
 -1.761854466829943
 -9.267813392692991
 31.37366099479693
 -98.68901639741267
 207.5166852004619
 -298.9181545814924
 322.8163865563521
 -257.1162248923717
 141.2624647975605
 -48.52670364963728
 7.614685240483427
 7.508823500798542
 -27.78550337056388
 106.1311162489968
 -298.9181545648273
 581.0310062972898
 -785.4218941079522
 724.7148704641397
 -439.1784414936163
 160.910673349526
 -26.37825012491102
 -5.642735645247037
 22.39271307773787
 -96.03799907068817
 322.8163864908469
 -785.4218940217576
 1321.189198774302
 -1446.689566981688
 994.6542059683011
 -397.8411827760436
 69.36018174484502
 3.614767800267243
 -14.93488659259951
 68.75247516135552
 -257.1162247680699
 724.7148702508683
 -1446.689566787559
 1865.771848824679
 -1477.612778783849
 659.8860280990004
 -125.1495730442716
 -1.737290851601124
 7.324446212260521
 -35.26158861243307
 141.2624646659799
 -439.1784412434762
 994.6542056659225
 -1477.612778599642
 1353.810303105116
 -690.347894836833
 146.8068004408183
 0.5464517917945146
 -2.338656909704147
 11.58377770132362
 -48.52670357565698
 160.9106732007325
 -397.8411825754191
 659.8860279374346
 -690.3478947758255
 406.0650402075254
 -99.63415029617732
 -0.07985482301166938
 0.3486413070831292
 -1.761854460912027
 7.614685223296031
 -26.37825008957718
 69.36018169392004
 -125.1495729986565
 146.8068004177317
 -99.63415029116688
 28.97893961715466
 122.4106227589255
 -32.15980943745254
 22.9889128257177
 -21.05780340093495
 18.96251487934411
 -14.96404684825312
 9.171702459374801
 -4.327396332817115
 1.29437244707927
 -0.1731398368430103
 -32.15980943752835
 52.6846561806447
 -41.81113483361422
 35.88680965825979
 -30.89691309667194
 24.3034536841912
 -15.27179372942378
 7.474452135430005
 -2.318575552505183
 0.320039015962769
 22.98891282598699
 -41.81113483371534
 73.34400147986409
 -83.32094634155948
 81.12889376573561
 -68.06395176126759
 44.94028759394103
 -22.91836739806388
 7.376004274847157
 -1.054280372626498
 -21.05780340165349
 35.88680965859281
 -83.32094634178114
 143.4342912872357
 -179.789989703097
 172.0237247341973
 -123.6361762377065
 66.62000645194341
 -22.23732790519584
 3.254263387821319
 18.96251488089422
 -30.89691309743954
 81.12889376635893
 -179.7899897034773
 304.5799536590868
 -357.4476843701918
 294.6486881128696
 -172.4356987726395
 60.55955508153743
 -9.161874960991407
 -14.96404685065174
 24.30345368541883
 -68.06395176233038
 172.0237247350391
 -357.4476843708112
 512.8691439873002
 -498.0493995694645
 325.2814348710984
 -122.8499501970882
 19.56803823467857
 9.171702462019345
 -15.27179373082997
 44.94028759524018
 -123.6361762390034
 294.6486881144886
 -498.0493995710879
 576.7968459722101
 -435.3996164704809
 183.5321736874225
 -31.83475847492177
 -4.327396334815935
 7.474452136542538
 -22.91836739918336
 66.6200064532913
 -172.4356987748372
 325.2814348740691
 -435.3996164725305
 382.5482238740195
 -185.1801633066083
 36.31023019674925
 1.294372447953043
 -2.318575553011984
 7.376004275410261
 -22.23732790597249
 60.55955508302159
 -122.8499501992615
 183.5321736894465
 -185.180163307465
 104.7314537873292
 -24.16942477684413
 -0.1731398370033169
 0.3200390160644578
 -1.054280372729625
 3.254263388041795
 -9.16187496130744
 19.56803823533435
 -31.83475847546562
 36.31023019713208
 -24.16942477691193
 6.925306679262007
 559.5034111642418
 -60.92057530636209
 33.69296127697695
 -31.63131464424325
 31.1420070047477
 -27.08258656206081
 19.70296131347953
 -10.37187038772642
 3.289848478666179
 -0.5304855468101102
 -60.92057530568451
 97.98432921626414
 -51.16195150117814
 39.36343100526251
 -32.52728336344534
 24.45009582026186
 -15.88809902246041
 7.700982308277379
 -2.288122909116291
 0.3522949556060988
 33.69296127522033
 -51.16195150062594
 72.40495102576736
 -68.1480209333298
 58.72013150332304
 -44.59534333227014
 29.15889611769938
 -14.22611594686551
 4.256977075551854
 -0.659448102557334
 -31.63131464048379
 39.36343100380704
 -68.14802093276391
 104.0520623115548
 -111.9692193697709
 94.73685697441719
 -65.40239814585117
 32.84929157184524
 -10.01296173353777
 1.568781043266626
 31.14200699857306
 -32.52728336093777
 58.72013150231862
 -111.9692193696702
 160.3519984399732
 -163.7334910413803
 125.8039369392851
 -67.06015321768345
 21.22838755757893
 -3.401145399648487
 -27.08258655434165
 24.45009581715668
 -44.59534333128088
 94.73685697491123
 -163.7334910423768
 207.8433181542177
 -187.9579248957678
 111.2864245709068
 -37.90278369454082
 6.364854996245557
 19.70296130622232
 -15.88809901967114
 29.15889611716471
 -65.40239814715156
 125.803936941539
 -187.957924897371
 203.6880858663615
 -139.7202959420123
 53.54806646074128
 -9.764839608681083
 -10.37187038316257
 7.700982306641798
 -14.22611594679986
 32.84929157321383
 -67.06015321994828
 111.2864245729238
 -139.7202959429377
 112.4975254424368
 -50.3207906632588
 10.34572045009815
 3.28984847700662
 -2.288122908576395
 4.256977075636406
 -10.01296173424616
 21.22838755872228
 -37.9027836956456
 53.54806646141454
 -50.3207906634623
 27.29891113765477
 -6.718399289683229
 -0.5304855465158637
 0.35229495552064
 -0.6594481025896736
 1.56878104342814
 -3.401145399897306
 6.364854996510578
 -9.764839608839903
 10.34572045017297
 -6.718399289692437
 2.094535884730719
 2480.557955752953
 -96.42539460198267
 35.74898825011812
 -26.17461057895247
 22.22402487142232
 -17.55964696832613
 11.78279189856124
 -6.030235862750374
 2.014492856368502
 -0.2961165533458913
 -96.42539459851621
 190.8143941604984
 -67.62387866959942
 42.7669693268665
 -31.98785644580848
 22.76916081126177
 -14.06992820781607
 6.749342115205203
 -2.146968589954568
 0.3031094149405789
 35.74898824657258
 -67.62387867045364
 81.88734397373484
 -60.01875723119518
 44.62758054812863
 -30.8207688007882
 18.52668821721824
 -8.703826346908684
 2.729002723674222
 -0.3811579889204899
 -26.17461057356445
 42.76696932882852
 -60.01875723183239
 77.08289533516891
 -70.048492106517
 52.27387885844606
 -32.37755843389255
 15.39314360943048
 -4.84842710898945
 0.6783409774223005
 22.22402486338412
 -31.98785644907667
 44.62758054937003
 -70.04849210701727
 87.37829378737497
 -78.26418202709309
 53.25636016598564
 -26.60221165904565
 8.605044262140375
 -1.224200458491147
 -17.55964695825673
 22.76916081532365
 -30.82076880228452
 52.27387885911313
 -78.26418202719445
 88.53347048211675
 -71.00468051032807
 39.29914988877318
 -13.51104155858684
 2.000954547057627
 11.78279188882735
 -14.06992821151432
 18.52668821845015
 -32.37755843434979
 53.25636016585383
 -71.0046805100551
 69.19928450544538
 -44.8199964278399
 17.1628550753403
 -2.746411750797386
 -6.030235856112108
 6.749342117533267
 -8.703826347580479
 15.39314360957429
 -26.60221165873776
 39.2991498883295
 -44.81999642759466
 35.04428447933767
 -15.780502218438
 2.888335020693217
 2.01449285361397
 -2.146968590845011
 2.729002723890427
 -4.848427108983753
 8.605044261927492
 -13.51104155830179
 17.16285507514454
 -15.78050221837379
 8.659229604192081
 -1.93565221522904
 -0.2961165528620553
 0.3031094150846198
 -0.3811579889487042
 0.6783409774100151
 -1.224200458441182
 2.00095454699012
 -2.746411750748127
 2.888335020672939
 -1.935652215223406
 0.5884224607920588
 9536.401880440888
 -159.2534583780428
 32.74986631017971
 -16.57195134580521
 11.20250276316742
 -7.492449273904606
 4.302278625834462
 -1.874510893352162
 0.5370235108174302
 -0.07881024160950548
 -159.2534583762735
 378.6829738430572
 -82.32010549627373
 39.95011271717799
 -25.97872772314849
 16.8647683435706
 -9.469697519567323
 4.05704999931521
 -1.147305893585346
 0.166772556975981
 32.74986630736214
 -82.32010548971883
 90.98198117345059
 -49.90329003606929
 31.63223055930973
 -19.65415401050412
 10.61188849420303
 -4.406321773749782
 1.215756392761601
 -0.1735306175194374
 -16.57195134368388
 39.950112707743
 -49.9032900344565
 55.78087281351091
 -42.89165713297248
 28.28704093431959
 -15.53317942982303
 6.467582764620509
 -1.781225797806914
 0.2535024324199739
 11.2025027625384
 -25.97872771132604
 31.6322305567373
 -42.89165713211355
 48.298884163924
 -38.46665388264993
 23.14196595963291
 -10.08781287028326
 2.847462734989983
 -0.4106374671179488
 -7.492449275129357
 16.86476833141647
 -19.65415400761198
 28.28704093299565
 -38.46665388209321
 39.91976530745519
 -28.61678275795791
 13.86708664883267
 -4.177283699709162
 0.6263851846726541
 4.302278628076079
 -9.469697509975088
 10.61188849180626
 -15.53317942855089
 23.14196595890869
 -28.61678275766838
 25.61351013136516
 -14.75783001852916
 5.022913825410219
 -0.8158403204587433
 -1.874510895185953
 4.057049993988719
 -4.406321772373839
 6.467582763819455
 -10.0878128697674
 13.86708664855524
 -14.75783001843952
 10.56562755278836
 -4.347840369531594
 0.8106052994973244
 0.537023511621586
 -1.147305891737769
 1.215756392271752
 -1.781225797502785
 2.847462734780015
 -4.177283699582413
 5.022913825355083
 -4.347840369518718
 2.309050996231714
 -0.5398292676627389
 -0.07881024176762053
 0.1667725566627402
 -0.1735306174346156
 0.2535024323657105
 -0.4106374670765576
 0.6263851846496808
 -0.815840320444621
 0.8106052994941046
 -0.5398292676623457
 0.1798767570375774
 44393.36251819501
 -198.2620788428496
 26.00466752515821
 -8.838843527764233
 4.564194850589357
 -2.515009920434631
 1.260779110781254
 -0.5043528472337722
 0.1371299519995907
 -0.01672163091207151
 -198.2620787233318
 683.2381145575167
 -97.29015329326053
 33.09881750470291
 -16.99412928395991
 9.31849017924999
 -4.654529250284215
 1.857070886548005
 -0.5039798486311269
 0.06136509768488407
 26.0046674756368
 -97.29015330585926
 105.4615752880513
 -42.12090816169759
 21.7505821504509
 -11.71913085325523
 5.747389094685206
 -2.258583430512902
 0.6059386888515583
 -0.07309302842583461
 -8.838843491227449
 33.09881751640793
 -42.12090816156208
 41.80007918306823
 -26.28075459368237
 14.9524273921426
 -7.428762415149026
 2.920249233549747
 -0.7809375109547431
 0.09381534241389802
 4.564194818097977
 -16.99412929523917
 21.75058215007652
 -26.28075459355073
 26.50850688116267
 -18.43421621815369
 10.01122697872372
 -4.105088639916017
 1.120811513029415
 -0.1362403083839071
 -2.515009893392574
 9.318490188998224
 -11.71913085279275
 14.95242739196711
 -18.43421621806788
 17.58750054751185
 -11.5388723506006
 5.268466214223998
 -1.528798296986437
 0.1932498627361718
 1.260779092124717
 -4.654529257133635
 5.747389094307726
 -7.428762415007688
 10.01122697861822
 -11.53887235055308
 9.780660718710424
 -5.384810047414851
 1.761482541064916
 -0.241832630438285
 -0.5043528376274313
 1.857070890100178
 -2.258583430305007
 2.920249233474416
 -4.105088639844516
 5.268466214179768
 -5.384810047399962
 3.799449931395952
 -1.516960489078438
 0.2432058995039809
 0.1371299488251244
 -0.5039798498052934
 0.605938688781704
 -0.7809375109303913
 1.120811513002102
 -1.528798296966708
 1.761482541056819
 -1.516960489076016
 0.7945770995426218
 -0.1645981969204012
 -0.01672163045553953
 0.06136509785314393
 -0.07309302841579289
 0.09381534241060713
 -0.1362403083794181
 0.1932498627336242
 -0.2418326304349246
 0.2432058995055887
 -0.1645981969188412
 0.05402909074340691
 171630.7938152896
 -309.4901689819843
 23.2119543689256
 -5.269209074250285
 2.161945161768942
 -0.9915079539409986
 0.4153584787041064
 -0.1459918279123665
 0.0340051539299458
 -0.004017779639759069
 -309.4901682728376
 1313.922892583828
 -109.3238131538914
 25.30450174789373
 -10.43825826157286
 4.797464865890686
 -2.011944243116521
 0.7075894506039542
 -0.1648771641384253
 0.01948533171861476
 23.21195418187204
 -109.3238131886274
 124.1154080793166
 -34.84541020487865
 14.84320253982507
 -6.849441363763987
 2.866499122796802
 -1.005038180867113
 0.2335047971648107
 -0.02752906483510165
 -5.26920897519877
 25.30450177080804
 -34.84541020399157
 32.32439578050339
 -16.87455031330644
 8.224095727510084
 -3.494790080392727
 1.228427107789189
 -0.2850567534223958
 0.03353296563420002
 2.161945088963541
 -10.43825827967268
 14.84320253884401
 -16.87455031326113
 15.89706431888623
 -9.626383536464221
 4.514723591319828
 -1.662775047449278
 0.3958118220465514
 -0.04724575933499683
 -0.9915079024521386
 4.797464879095797
 -6.849441362997981
 8.224095727509217
 -9.626383536488252
 8.459019704917926
 -4.894417600443386
 2.012302739510954
 -0.51037636271513
 0.06323372951414571
 0.415358448242019
 -2.011944251051852
 2.866499122344805
 -3.494790080416434
 4.514723591348871
 -4.894417600453167
 3.865731489954488
 -1.954459000628095
 0.567492947290819
 -0.07674037328491043
 -0.1459918140282347
 0.7075894542519162
 -1.005038180669963
 1.22842710780939
 -1.662775047466334
 2.012302739518784
 -1.954459000629506
 1.31247802001167
 -0.4780097566079164
 0.07577251859921093
 0.03400514995384673
 -0.1648771651895792
 0.2335047971116019
 -0.2850567534305284
 0.395811822051825
 -0.5103763627179417
 0.5674929472914773
 -0.4780097566078534
 0.2442223662884307
 -0.05131209612948991
 -0.004017779087379154
 0.01948533186550536
 -0.027529064828048
 0.03353296563537585
 -0.04724575933595647
 0.06323372951497438
 -0.07674037328375674
 0.07577251860082806
 -0.05131209612828874
 0.01819700570078715
 673566.1569640887
 -443.9538810914617
 18.91408087771814
 -3.205241429684986
 0.9849739063553622
 -0.3728754663265104
 0.1326297872105728
 -0.04023995623451404
 0.009229365612048297
 -0.000962968559821064
 -443.9538928997354
 2422.085253307854
 -114.5985087310651
 19.85525426849069
 -6.148399749201779
 2.335490845485985
 -0.8322675646637936
 0.2527941121930803
 -0.05801944620441636
 0.006056493257380527
 18.91408282686879
 -114.5985085824648
 142.4841616892511
 -30.18641884856719
 9.827466315610385
 -3.797271829710585
 1.363461698705611
 -0.4157424845536177
 0.09561239095980946
 -0.009993757508555419
 -3.205242151837258
 19.85525420350648
 -30.18641884880206
 26.82920865002934
 -11.03160531487505
 4.567143451471591
 -1.682268978751016
 0.518243413930514
 -0.1196674761498815
 0.01253077695059746
 0.9849742737257645
 -6.148399715885412
 9.827466315639949
 -11.03160531446847
 9.49556314030372
 -4.97431781806076
 2.029484962072673
 -0.65765560596078
 0.1558182607096386
 -0.01657961302412754
 -0.3728756594897066
 2.335490828866805
 -3.797271829631265
 4.567143451033616
 -4.974317817941211
 4.104560781731333
 -2.108541379581652
 0.7731062777613865
 -0.1957016044169547
 0.02173176677437879
 0.1326298731603524
 -0.8322675579489769
 1.363461698614601
 -1.682268978461716
 2.029484961970162
 -2.108541379555664
 1.556906876159995
 -0.7192798501594588
 0.2075159264171621
 -0.02509930351685814
 -0.0402399865180995
 0.2527941101402845
 -0.4157424844980843
 0.5182434137968115
 -0.6576556059088332
 0.7731062777435024
 -0.7192798501555561
 0.4702910191839021
 -0.1721268565091969
 0.02467954037324824
 0.009229373209507475
 -0.05801944577344224
 0.09561239093980058
 -0.1196674761092018
 0.1558182606933981
 -0.1957016044102608
 0.2075159264158482
 -0.1721268565084748
 0.0901278225184771
 -0.01745590766481687
 -0.0009629694003143973
 0.006056493220179713
 -0.009993757505444593
 0.01253077694544652
 -0.01657961302215606
 0.02173176677318905
 -0.02509930351653704
 0.02467954037338917
 -0.0174559076646976
 0.00626395529752781
 3325469.765873087
 -679.8695556410158
 14.86034825267252
 -1.742600646340216
 0.4040297900665519
 -0.1183130203598856
 0.03823374583895445
 -0.01081295666392167
 0.00205453055444652
 -0.0001979656197471143
 -679.8695522365123
 5095.99789790916
 -122.5548290868248
 14.66690304234999
 -3.424945716703841
 1.006322127670303
 -0.3257703973783356
 0.09222431134135604
 -0.01753473371929029
 0.001690327735292024
 14.86034797303216
 -122.5548295881768
 174.1276182090454
 -25.54969419448047
 6.312110991200679
 -1.898121909846383
 0.6212926321429868
 -0.1769462627543147
 0.03377128872493958
 -0.003263763639523549
 -1.742600575331832
 14.66690322017774
 -25.54969421107292
 22.60237624139638
 -7.201438829670503
 2.362978877826122
 -0.8021763267498422
 0.2326240361339858
 -0.04487368427763701
 0.004366056479763574
 0.4040297609395243
 -3.424945797089263
 6.312111000994435
 -7.201438829997275
 5.757978964281588
 -2.462986103997829
 0.9280858758836258
 -0.2825095799484483
 0.05597666756559201
 -0.005533342928281713
 -0.1183130056466483
 1.006322166181689
 -1.898121914943883
 2.362978877983213
 -2.462986104014706
 1.898807316223717
 -0.9154107756615708
 0.3137972676742058
 -0.06648993903763499
 0.006841446256201054
 0.03823373791427887
 -0.3257704153405805
 0.6212926345658252
 -0.8021763268110101
 0.9280858758962764
 -0.9154107756632236
 0.6762055258210559
 -0.2947209538939082
 0.07229512894110814
 -0.008162971785213372
 -0.01081295317057107
 0.09222431805346462
 -0.1769462636542976
 0.2326240361534848
 -0.2825095799534573
 0.3137972676753225
 -0.2947209538943579
 0.1867926521707733
 -0.0597417647262894
 0.008049040979918961
 0.00205452957486349
 -0.01753473531986866
 0.03377128893606895
 -0.04487368428181737
 0.05597666756681201
 -0.06648993903766545
 0.07229512894187996
 -0.0597417647259591
 0.02977768712001521
 -0.005590603619567686
 -0.0001979654878543398
 0.001690327921082529
 -0.00326376366333787
 0.004366056480105247
 -0.005533342928697741
 0.006841446256184452
 -0.008162971785125185
 0.008049040980049252
 -0.005590603619318854
 0.002136769138053538
 13285591.73620563
 -1017.955315892366
 12.34416897234615
 -1.018458702086351
 0.178430930523893
 -0.04462335472544664
 0.01243733261956479
 -0.002977692870637548
 0.0005060360703323725
 -4.939868324948211e-05
 -1017.955301570426
 9784.743897987888
 -129.1415316179016
 10.84347537359213
 -1.911634447389341
 0.4794262171092987
 -0.1338186217567318
 0.03206567449761104
 -0.005452346679144178
 0.0005324411545941585
 12.34416815774574
 -129.1415321224376
 206.2046960190745
 -21.21872380753569
 3.97397700245763
 -1.02200421034149
 0.2888093872164433
 -0.0696975406297828
 0.01190514269280577
 -0.00116592535086308
 -1.018458579704389
 10.84347549441991
 -21.21872379857292
 18.89149293236513
 -4.653115114725549
 1.313856639340608
 -0.3867624389966527
 0.09538746801029217
 -0.01650985772590455
 0.001629948067989324
 0.178430920051012
 -1.911634489720161
 3.973976998186906
 -4.653115114303967
 3.589434017320114
 -1.337824073068262
 0.438941951142817
 -0.1141479657998077
 0.020356144485509
 -0.002044324262223973
 -0.04462336764555035
 0.4794262346946251
 -1.022004208471496
 1.313856639090679
 -1.337824073040106
 0.9971751889077836
 -0.4260171353594349
 0.1261449269427953
 -0.02421790682475082
 0.002537496164630127
 0.0124373450188187
 -0.1338186289156731
 0.2888093864769453
 -0.3867624388852071
 0.4389419511277881
 -0.4260171353569708
 0.2978234389258212
 -0.1149470662519153
 0.02579909498353652
 -0.002964101181359543
 -0.002977698851390367
 0.03206567680580736
 -0.06969754040470351
 0.09538746797433915
 -0.1141479657946858
 0.1261449269418175
 -0.114947066251725
 0.06935549491030632
 -0.02084090952165624
 0.002852915621938527
 0.0005060376806502888
 -0.005452347180445019
 0.01190514264713637
 -0.0165098577182788
 0.02035614448460455
 -0.02421790682442232
 0.02579909498356477
 -0.02084090952164054
 0.01051564418825555
 -0.002016111132617075
 -4.939889252926525e-05
 0.0005324412140031379
 -0.001165925345881172
 0.001629948066696389
 -0.002044324262668046
 0.002537496163976309
 -0.002964101181943336
 0.002852915621557245
 -0.002016111132794739
 0.0008143126595069668
