2.261171347798444131e+01
-2.933306128481414987e+01
2.945409161518530894e+01
-2.749196943452821884e+01
2.364992065669774490e+01
-1.792315351800336032e+01
1.117920984634710457e+01
-5.218805932708119322e+00
1.578445318791744878e+00
-2.272760060315515140e-01
-2.933306128493180154e+01
8.173450754591679868e+01
-1.252879328384371007e+02
1.470266730114799998e+02
-1.450487038248743943e+02
1.197067226038834775e+02
-7.866925541799854216e+01
3.790018456466277996e+01
-1.168311693735566514e+01
1.702243208056201329e+00
2.945409161689097388e+01
-1.252879328439286581e+02
2.990473617570748388e+02
-4.779634801183227069e+02
5.731477066022863482e+02
-5.344993536300515871e+02
3.791254738965839692e+02
-1.915201302427951759e+02
6.080802049669396325e+01
-9.026721943836337303e+00
-2.749196944189603897e+01
1.470266730460300266e+02
-4.779634801930425283e+02
1.031048482795397604e+03
-1.552264421726904175e+03
1.690458517878161729e+03
-1.327473012532919711e+03
7.163806355997556921e+02
-2.374382491460178528e+02
3.625903244816827709e+01
2.364992067863341774e+01
-1.450487039355483319e+02
5.731477069187372990e+02
-1.552264422194641611e+03
2.894246195094522136e+03
-3.736251026423584790e+03
3.319441168947904316e+03
-1.952484976023205263e+03
6.867492270130318275e+02
-1.092812442720942983e+02
-1.792315355893456541e+01
1.197067228238849310e+02
-5.344993543289042464e+02
1.690458519240936766e+03
-3.736251027817890190e+03
5.662898065639639753e+03
-5.754093793506127440e+03
3.756723074093510149e+03
-1.428691677146094207e+03
2.408621001433316167e+02
1.117920989691623923e+01
-7.866925569582755884e+01
3.791254748301311110e+02
-1.327473014558644309e+03
3.319441171677609873e+03
-5.754093795420924835e+03
6.663525002963897350e+03
-4.886203888021287639e+03
2.047081217746398124e+03
-3.730450288600727617e+02
-5.218805971519064002e+00
3.790018478398700807e+01
-1.915201309995482291e+02
7.163806373321872343e+02
-1.952484978617479328e+03
3.756723076484714511e+03
-4.886203889139967941e+03
4.034174761250556003e+03
-1.890685076049930785e+03
3.808100625547849631e+02
1.578445336222130013e+00
-1.168311703429195347e+01
6.080802084023110154e+01
-2.374382499563056683e+02
6.867492282894780828e+02
-1.428691678450134532e+03
2.047081218545543379e+03
-1.890685076285355535e+03
1.000064559405156842e+03
-2.275523754983937295e+02
-2.272760090379946640e-01
1.702243227118091173e+00
-9.026722010907878513e+00
3.625903260821051077e+01
-1.092812445329815034e+02
2.408621004221978978e+02
-3.730450290483442473e+02
3.808100626281902237e+02
-2.275523755096859873e+02
5.960624941581193781e+01
