 6.632858927454735
 -2.816889842623442
 1.256692788150642
 -0.3173354653512536
 -2.816889842623439
 5.324815894938689
 -3.360386909586945
 0.8995021891150767
 1.256692788150642
 -3.360386909586943
 4.619312528408565
 -1.812415997269914
 -0.3173354653512532
 0.8995021891150774
 -1.812415997269913
 1.333295148196559
 12.09379221185013
 -2.31490734906981
 0.7955918438489316
 -0.1728091439467916
 -2.314907349069825
 3.871285936250187
 -1.649562565502926
 0.361239586913487
 0.7955918438489462
 -1.649562565502926
 2.057730075566278
 -0.6475609486331054
 -0.1728091439467971
 0.3612395869134867
 -0.6475609486331061
 0.5072426826588659
 21.13178775438146
 -1.64126813325679
 0.3799087364607808
 -0.06562050677923162
 -1.641268133256802
 2.977942212797067
 -0.8159422025057054
 0.1419563083148416
 0.3799087364607856
 -0.8159422025057032
 0.9701625736534273
 -0.2376668164354634
 -0.06562050677923303
 0.1419563083148402
 -0.2376668164354639
 0.1998252242397592
 35.39904872290545
 -1.110559570694693
 0.1630700116029974
 -0.02237139340419322
 -1.110559570694693
 2.378356167480983
 -0.4091699056553882
 0.05717752588319691
 0.1630700116029976
 -0.4091699056553881
 0.4843021014839946
 -0.09284012114195205
 -0.02237139340419323
 0.05717752588319694
 -0.09284012114195205
 0.08270622477125361
 61.02685070808417
 -0.7004146548146624
 0.06634317994657761
 -0.006787628904567048
 -0.7004146548146609
 1.904798595427292
 -0.2089320655622392
 0.02193194803115267
 0.0663431799465776
 -0.208932065562239
 0.2518536646746573
 -0.03586016328148783
 -0.006787628904567009
 0.02193194803115274
 -0.03586016328148783
 0.03386716657245906
 100.2384707246827
 -0.4521924637929794
 0.02633105566797448
 -0.002008466665732744
 -0.4521924637929794
 1.53333716455788
 -0.1027383196641
 0.008067102642460517
 0.02633105566797448
 -0.1027383196641
 0.1311934684501938
 -0.01375750101370609
 -0.002008466665732743
 0.008067102642460517
 -0.01375750101370609
 0.01378276997716635
 167.7986820521147
 -0.2772765404314091
 0.009953224514738542
 -0.0005782487301842821
 -0.2772765404313766
 1.211488147379017
 -0.04943257685465521
 0.002952642432126353
 0.009953224514733693
 -0.04943257685465609
 0.0681707406851594
 -0.005348619505660996
 -0.0005782487301839363
 0.002952642432126427
 -0.005348619505661037
 0.005626523435879067
 297.3111185259357
 -0.1605761134398574
 0.003591324500647287
 -0.0001563768681782011
 -0.1605761134398198
 0.9463611368354535
 -0.02367126008447462
 0.001056196677401775
 0.003591324500644944
 -0.02367126008447497
 0.03548084222094738
 -0.002050815731752169
 -0.0001563768681785082
 0.001056196677401736
 -0.002050815731752176
 0.002271095535660541
 455.8634988448573
 -0.1026204647579195
 0.001418843355461126
 -4.608124786053525e-05
 -0.1026204647579196
 0.7446439670030759
 -0.01138231751484865
 0.0003776985382740904
 0.001418843355461126
 -0.01138231751484865
 0.01865527559957447
 -0.000790869900373236
 -4.608124786053525e-05
 0.0003776985382740903
 -0.0007908699003732362
 0.0009225248247930762
 733.9511933903162
 -0.06403467659282283
 0.0005384021028578514
 -1.304872872540907e-05
 -0.06403467659287362
 0.5886628778751475
 -0.005400353448926985
 0.0001332457615162746
 0.0005384021028594953
 -0.005400353448927264
 0.009759324562647369
 -0.0003030864091734584
 -1.304872872550734e-05
 0.0001332457615163106
 -0.000303086409173453
 0.0003724034854320675
