8.705421501758792147e-02
9.175686626372225874e-02
8.506482769257672771e-02
8.872621179284578830e-02
8.362031561091498588e-02
7.536925635213265195e-02
6.837914269112843613e-02
7.372657569635521213e-02
7.876293249432819721e-02
8.061132011403060460e-02
7.078295222004271636e-02
8.694045901688696176e-02
7.878972596131461614e-02
8.984523475169226003e-02
6.367687120132359269e-02
8.728059240934271656e-02
9.320582828127044195e-02
9.046212975681555690e-02
9.801443878859572578e-02
9.582067598557841848e-02
6.648838298065129493e-02
9.344278850289811089e-02
7.184052341040114698e-02
9.099365283873339649e-02
9.738358663003054971e-02
9.485978348129719961e-02
6.479914895817273646e-02
5.897895904695360514e-02
8.110056578493640700e-02
6.862152311350655509e-02
7.571456645132457197e-02
6.318191135255801782e-02
1.035051468588790158e-01
1.069603838168404764e-01
5.701362464219528192e-02
7.173944552300781652e-02
7.380525612666133384e-02
8.433885066256152641e-02
5.761618680321589636e-02
9.856586509226872295e-02
1.049658656841074844e-01
7.455911454053421039e-02
9.463085136349036475e-02
9.983740288612352742e-02
6.896443129539875372e-02
5.486334533793524315e-02
9.364634873008981231e-02
7.981222979060476064e-02
7.039912858272145968e-02
7.047050324786141573e-02
8.925228402836182795e-02
1.018561395392225677e-01
7.614480623874442244e-02
8.501162866855338507e-02
8.375219290678614925e-02
8.034754263735521818e-02
7.482553035220007587e-02
6.615103600984184595e-02
6.895514698203442094e-02
6.957753165420399455e-02
1.139665955245163786e-01
8.852291295988834463e-02
8.406041182797707734e-02
9.827360128224427172e-02
8.433331549190370424e-02
7.130086770143861941e-02
8.033505292291920341e-02
8.350618856934488576e-02
8.328245430107017455e-02
8.530824909553302859e-02
8.131544748198393791e-02
7.148051878493788536e-02
5.771542339266488852e-02
9.751417564939401927e-02
1.016554754917251557e-01
1.150571247574134759e-01
1.087961483624440007e-01
1.065930432484947232e-01
8.534693114643232548e-02
8.360700496405115700e-02
5.530343169652951474e-02
5.689578563510622189e-02
8.252548546693105891e-02
6.650108601934334729e-02
7.878955287901590054e-02
7.112101420489125303e-02
7.653123592695010302e-02
7.635045226970760268e-02
8.112434501686038857e-02
9.020046608043230663e-02
1.128544035486811481e-01
1.148641794322884380e-01
9.546922870163143671e-02
1.107866210463726020e-01
8.272298943870737276e-02
8.024836486424646864e-02
1.048390441778792592e-01
9.811185608919004153e-02
6.059042057154329086e-02
7.764817771749221720e-02
7.283682371098620933e-02
8.467025701042985020e-02
8.057319390968586958e-02
7.650915654608070327e-02
8.250653720233458444e-02
8.352553273084595276e-02
7.138906622981266992e-02
8.159057896045851521e-02
6.690363502139007323e-02
6.578694329732570623e-02
7.058373289896735514e-02
1.161593596714283194e-01
1.197856243420574174e-01
8.360302950973164116e-02
9.065471191047436150e-02
9.343757612759873155e-02
7.032008598343963968e-02
8.101059343857741624e-02
6.302932648236492241e-02
8.163726049451724975e-02
7.082812771136559604e-02
7.435645371219834487e-02
8.470362529146768793e-02
8.491627640410115418e-02
7.224794750595719961e-02
6.760256577331347216e-02
9.478748385322433023e-02
1.039538711547720595e-01
1.010794839573918580e-01
8.675209147418172506e-02
1.057731779073947109e-01
1.159055024083954777e-01
9.972180396130170266e-02
9.013096611442961148e-02
1.106379685661522672e-01
7.139535734108903853e-02
7.924298726425149653e-02
8.266649745701215579e-02
8.202403006976055622e-02
8.634548731106406194e-02
7.126894298744446132e-02
8.209871392432432913e-02
7.064208092629087332e-02
7.318302127578135696e-02
7.888779491281638911e-02
8.484651439653134730e-02
8.310390461815586605e-02
8.332431062558498525e-02
8.571172620349898352e-02
7.290845107900167932e-02
8.233223119032118120e-02
7.692488750512893603e-02
8.240491788114923111e-02
6.437015714504923380e-02
8.345407014689953940e-02
8.386486796803183097e-02
8.048428033839627460e-02
1.227557114418686979e-01
1.169105035939992376e-01
1.046934853807215404e-01
8.170008845650045259e-02
9.819612147111911327e-02
9.354113494214288949e-02
8.404760062103378004e-02
7.741783894448417414e-02
5.974935510084833368e-02
8.234290245832198707e-02
6.505384310344197729e-02
8.327103643773625663e-02
6.719840013215616636e-02
6.571157140479044756e-02
7.931955956428282661e-02
7.448944976158600184e-02
7.610275782303688175e-02
7.896926341186372156e-02
7.454362182011209370e-02
7.536334742644612561e-02
7.809106339686877618e-02
8.817087021066072339e-02
6.598790781208663248e-02
8.396780557382044208e-02
1.106091164392637438e-01
1.101080862536036875e-01
1.094488295559585822e-01
9.715020097110027564e-02
9.286528559482576384e-02
9.055324554333310516e-02
6.954755115930311149e-02
8.702053547813193290e-02
6.926523453512345441e-02
7.961326698409720848e-02
8.428030119648610707e-02
7.311528017680757330e-02
7.850552281865930127e-02
1.297211231660639896e-01
7.429389788126172789e-02
6.507422077265800908e-02
7.619975810030155117e-02
8.171056747301008727e-02
6.713889567981823348e-02
8.851121651673565793e-02
8.377134896659299557e-02
9.283401862103346502e-02
9.846816009644498990e-02
9.561730123823508620e-02
1.142670378178536339e-01
1.045698143846038874e-01
1.076684937179379631e-01
1.067690468858017994e-01
7.019182512362931448e-02
9.465745482611964690e-02
5.681495026374250301e-02
8.964884263127714803e-02
8.492994341463599994e-02
7.713100083469726087e-02
8.548585620201265556e-02
7.661696042237053916e-02
7.986632743654809019e-02
8.072439312923052057e-02
7.665464248179887363e-02
6.571817933831880509e-02
7.013537358398025390e-02
8.875273834246399929e-02
7.862388143371390470e-02
9.172293093320149637e-02
5.751676209797551564e-02
5.559227944263511745e-02
1.098767325695462205e-01
1.004742429986436036e-01
1.079524177580424293e-01
1.152250745162746171e-01
1.037135490482796740e-01
8.901038104318104160e-02
8.093096288553169870e-02
1.056916168015504809e-01
1.041327351169911708e-01
1.041669202741104527e-01
5.408201443992766144e-02
1.005816885681269923e-01
6.279802112999277597e-02
6.351067913578845037e-02
8.118723840084385301e-02
7.427713979313921300e-02
6.968029090262461978e-02
7.187039041582465870e-02
1.001858367264958360e-01
6.167659559969251859e-02
5.641832902892929269e-02
9.212283569854662346e-02
9.221152569216428674e-02
6.044510366723443440e-02
9.608937346365564736e-02
9.778033259863150306e-02
1.035808873057249002e-01
1.047580748538621265e-01
7.346657766424868896e-02
9.671262634924460144e-02
1.058208936080973217e-01
8.861306898143084254e-02
1.092530154107862472e-01
1.193900894561465975e-01
1.162417008706597699e-01
7.826946268414758379e-02
6.380922742187067342e-02
6.046382524687032856e-02
5.378064256342440785e-02
9.274549016777200450e-02
5.874092828139509948e-02
8.863014587632278563e-02
6.650637772804657288e-02
6.740264592849598557e-02
6.844321022322219505e-02
1.057897553159818926e-01
8.461180900917497638e-02
9.160568121978940326e-02
7.377883954791286669e-02
7.316078590906727186e-02
1.096470087122725090e-01
1.148530239031515521e-01
1.208692796437844663e-01
1.210551506821957446e-01
1.209684540460784774e-01
1.191073278598651086e-01
1.042045689359838434e-01
1.203075375976823125e-01
7.357398292447214772e-02
1.040957142351999209e-01
6.455462357916985638e-02
7.722183417013184226e-02
9.313459533200330043e-02
9.480043692656181520e-02
7.040805180668030516e-02
7.465559924298759142e-02
6.845958651592809474e-02
1.295297315557490947e-01
5.534798967300957884e-02
6.128618309526245866e-02
7.212716415256181790e-02
7.562246281236184586e-02
8.110519655338066514e-02
9.190525718599928950e-02
8.667812922453776991e-02
5.507667188612686004e-02
9.278811085846427886e-02
1.107683150814864348e-01
1.071344863673857617e-01
1.000455090349987586e-01
8.784304966775380308e-02
1.024631357890939398e-01
1.096459676373342518e-01
1.102002541158526583e-01
1.196181502746185288e-01
1.116916742823832465e-01
9.590220243353542173e-02
8.865833419099544699e-02
1.062201601400829531e-01
9.775788228830606386e-02
7.031392121984936239e-02
1.434487329959210911e-01
7.006213641398062464e-02
8.683619573525902524e-02
9.531748684980811959e-02
1.023744066767449112e-01
1.072927238869851863e-01
1.151392634840249229e-01
1.020377648503654200e-01
8.031597743797647126e-02
8.210388567317750130e-02
1.080137556930367282e-01
5.353446814820017607e-02
6.688823957551903732e-02
6.889781929839955410e-02
6.579009240022060112e-02
6.823581132971412444e-02
6.804140577401085466e-02
6.956834739298756176e-02
5.956513442447430862e-02
5.438870680200125207e-02
6.878111193259428546e-02
5.986919287533964962e-02
8.452918647890328430e-02
9.844309563140996033e-02
6.011035133019504428e-02
5.685851628641103161e-02
1.103712241263110627e-01
1.151301328645786270e-01
1.143310644658868114e-01
7.514575216555385850e-02
5.548503907994017936e-02
8.554704781704458583e-02
7.890136800165237219e-02
6.135922432781626412e-02
7.280492868903820636e-02
7.141708458425455319e-02
1.108162292878205335e-01
1.055511853353436891e-01
6.855330554890315398e-02
7.741539902963268105e-02
8.258333107210091839e-02
5.759723360893076460e-02
5.355466609466930095e-02
9.973924960036129050e-02
9.191924978699717030e-02
9.649532755179279775e-02
7.340379324955392804e-02
1.140947813169077563e-01
1.047955897283827653e-01
5.651716187185229501e-02
5.956348718655135599e-02
6.637269738530449104e-02
7.161177012517327967e-02
8.005803053606541653e-02
5.545133370401345019e-02
1.576376641403385293e-01
1.185800506832492829e-01
5.235462126415768580e-02
1.399706022127702454e-01
6.596082604369257751e-02
6.217220492430897139e-02
6.681627194348038756e-02
6.823954610194959969e-02
6.470857477233948885e-02
1.121864245169490459e-01
7.640897089299869549e-02
1.097408019199974660e-01
5.231576371602386644e-02
6.754972441376594361e-02
6.502445167757286981e-02
8.235531101013293664e-02
7.051038503527706780e-02
4.268443738942551136e-02
7.411327208455986693e-02
6.007849935804188135e-02
8.574359666704367555e-02
9.852420149195495469e-02
6.703966485974888201e-02
6.933796395287572523e-02
1.071436248876125319e-01
1.131322459611965314e-01
1.070706554503431107e-01
1.024866743136954028e-01
1.132835763025923370e-01
6.076384481752938882e-02
5.116681150229851482e-02
6.857786301361556980e-02
5.642404616219209856e-02
6.355176241913795820e-02
9.775078225106881291e-02
7.376947533225575171e-02
8.452492080641604844e-02
7.546094119697954739e-02
9.186041336761263665e-02
8.485550579280243255e-02
9.174286676375231764e-02
9.713447187778001535e-02
9.933361993489597808e-02
9.019313441399390285e-02
4.224779961691638164e-02
9.740797259883038350e-02
2.342881435947674618e-02
1.356756293421312876e-01
1.011621576919878862e-01
6.380035812253481708e-02
6.142173858825117350e-02
7.370695680970129615e-02
6.805186169572152721e-02
6.539112978998673498e-02
9.834176957838280941e-02
1.179197700882923527e-01
6.796425210586676258e-02
7.601755400014553743e-02
5.078637818792230973e-02
9.518314842534891795e-02
6.065236556310082960e-02
3.557417047909439134e-02
9.476652087187176221e-02
1.050358694781152735e-01
9.289764234858921554e-02
1.585079403071176785e-02
6.587862057608617761e-02
7.624399991391328513e-02
5.604138709009021113e-02
5.693628508333858917e-02
9.962086922473645245e-02
9.629195437514681544e-02
9.847441191527650517e-02
1.130252360567283176e-01
1.031410074315317615e-01
1.213034102363508282e-01
1.003436198177496408e-01
8.138227595304670103e-02
7.944744816109050589e-02
1.022365286162312259e-01
7.216546791528344329e-02
5.845777783088124124e-02
9.206213939978624694e-02
-2.379976124984750641e-03
5.432760241114920063e-02
5.545056356663735642e-02
7.437112956199598557e-02
8.849119792034798593e-02
8.439613320683747588e-02
1.161984472062158602e-01
1.078214055924036074e-01
7.833122025363081775e-02
6.872916383622396097e-02
8.939498597806050384e-02
8.916595557320761145e-02
7.310154963010973006e-02
9.000814938690382405e-02
6.290554134488957061e-02
5.090820504324256035e-02
4.048233790103950014e-02
4.727412384545459645e-02
4.934990412562001438e-02
7.923280728095960512e-02
7.809873803557820793e-02
6.043598279916295724e-02
2.901454947232195991e-02
3.996381015326733177e-02
4.973489224471450143e-02
8.243115097320696805e-02
7.274152201171091292e-02
8.408377082787410473e-02
7.175991194321795774e-02
8.973045559537240479e-02
9.976002314010656846e-02
1.015513496024595952e-01
1.047709971112453786e-01
1.090922921416677127e-01
9.145234927950696147e-02
8.305836939462096780e-02
6.432284542302113550e-02
8.206361297948205902e-02
-5.599128637413741671e-03
9.702049318252647936e-02
4.086420052885841869e-02
3.631305753401647962e-02
4.809167259440982889e-02
6.777022474761906778e-02
6.702836822159952135e-02
7.489721885599465168e-02
7.874728861361290910e-02
1.025821418882060243e-01
8.220704507948539685e-02
7.180706732697217376e-02
1.209891139940282301e-01
1.193119730876333051e-01
1.004604380038927047e-01
1.095702164768681541e-01
9.686820740876100899e-02
6.691111202349020459e-02
7.369758973004536529e-02
-6.137057061778250500e-03
7.523203030837066763e-02
7.019524906877450121e-02
1.289154896082891355e-01
6.024873316118828370e-02
-1.829453458913121722e-02
7.272627684096732992e-02
3.888098730180900020e-02
2.103895598338567652e-02
6.588157170040176425e-02
8.093098348967942002e-02
5.450929524272396520e-02
9.979417694853509602e-02
1.009579887595464243e-01
1.182853197924487176e-01
1.175938216256326996e-01
9.048489422480088251e-02
4.913841574330035655e-02
9.694450691381462093e-02
5.659333055223214615e-02
8.369030629478402261e-02
8.130262887766548374e-02
3.848451287854004477e-02
7.287922204864116793e-02
7.415133396602868743e-02
-1.793766024456999730e-02
6.417324631343035435e-02
4.679412074506217323e-02
5.565258498290859279e-02
5.620952903427678393e-03
4.007507326195991482e-02
3.670899815620032314e-02
5.434893402957641229e-02
8.495786265643801016e-02
6.125452152878096967e-02
9.977662049573154945e-02
1.066299322021677654e-01
9.845493273633110221e-02
9.568356496583874105e-02
9.878584796456379991e-02
9.796851950682139432e-02
8.996190619041044556e-02
1.031387575919779920e-01
6.348192229052074254e-02
7.914270473156648222e-02
7.851382583021404571e-02
9.866809023151290603e-05
1.351184168197505642e-02
3.716018958880340506e-02
7.367760845681914361e-02
8.388999086992043885e-02
6.247064839590166230e-02
6.735537833242233319e-02
7.221890846335554670e-02
7.836547871966104140e-02
1.002164234853353264e-01
6.399305247418851650e-02
1.057019625063730928e-01
8.948255224572676525e-02
8.857194718689243018e-02
1.225397932844316529e-01
5.890969159963788115e-02
1.081281759668399900e-01
5.524911326892834040e-02
8.690173252034583129e-02
7.138184929226554232e-02
4.538199512103346933e-02
4.193638708125035919e-02
4.627810413694533054e-02
-1.834870071297700633e-02
2.647985222461102239e-02
2.280988461802735401e-02
2.033044268478079175e-02
9.627180532538659463e-02
8.449206576051437878e-02
8.059963807568237826e-02
1.165528789142626920e-01
8.584864109252521303e-02
1.149808924606077198e-01
1.236047883892297250e-01
6.745745628177246545e-02
6.693478015699838579e-02
3.464046284420874144e-02
3.999244157535031263e-02
7.654586172179733694e-02
3.508614019824563002e-02
1.073822163177737821e-01
3.884633601387577073e-02
3.063644039457358303e-03
4.122860166398822912e-02
2.706092472226373502e-02
1.195469908532231784e-01
2.171480372112455370e-02
4.560340460488987446e-02
6.549833735584797978e-02
6.302154540117044235e-02
7.192968124263643404e-02
5.638173244369681925e-02
1.012933128765780566e-01
1.069082934334346646e-01
1.104330557493540255e-01
1.031987354012926517e-01
8.638144792371349467e-02
5.873680469539976912e-02
3.529145262973543140e-02
3.168511091394066170e-02
6.001860592277807882e-02
-2.352126314917768468e-03
7.050628596903152356e-02
2.419290752618508122e-02
1.319127719284551858e-02
1.086103203331276745e-01
5.939820222306479991e-02
6.377286193605868903e-02
6.353837195138112293e-02
5.739587455900618806e-02
1.042804846692888532e-01
5.206402456701653136e-02
5.578950569565677142e-02
1.136438771104621992e-01
1.235950724149006419e-01
1.089908409499003028e-01
7.980018356465734541e-02
7.919973916636990907e-02
8.238899192451754061e-02
1.086914239549514605e-01
6.421954796633144724e-02
9.063523297322717553e-02
6.829873438118738704e-02
8.347189957567024976e-02
5.166932386146072531e-03
2.740368730655973195e-03
3.308019301334752527e-02
3.647949677770156995e-03
2.123026312574438634e-03
7.392277704047955922e-02
2.654358744666751591e-02
2.124448364747877349e-02
6.214731380919147341e-02
5.741561707395703706e-02
9.830936251250932401e-02
1.163952982565206185e-01
1.220886113908363768e-01
1.123568546584010619e-01
1.125295669964998524e-01
1.065327583307862369e-01
1.020730821492179530e-01
7.533148507604892075e-02
9.904689401741961774e-02
7.148908532758468937e-02
7.260873026893932547e-02
6.901219084898002620e-02
5.918881421371224860e-02
8.542286475676519331e-02
6.099625500860383909e-02
7.824507613327114086e-02
6.244749029383456218e-02
4.055742677337548230e-02
6.375355758245859761e-02
6.098990637838141993e-02
1.079692039315887087e-01
1.339226401207724848e-01
1.021210726980825712e-01
6.747125628862704616e-03
1.074948196869627282e-01
2.965462680776909110e-03
4.015657084892154671e-03
7.613446514164934342e-02
5.076673089888572576e-03
1.988951478710987431e-02
8.045341664455918362e-03
1.895955342820343503e-02
2.195533694452933560e-02
4.105253221268867492e-02
8.726790512810111977e-02
6.802175140637700679e-02
7.098286938207820640e-02
6.696645067017925612e-02
6.745425437770791177e-02
1.019066115015903051e-01
9.293353099201340228e-02
9.507122563150005590e-02
1.106225811138301651e-01
1.206499436573267303e-01
1.265435016950959835e-01
1.042875835485119751e-01
1.110918992560527840e-01
7.514161501285343547e-02
8.909663533950151759e-02
6.428658548088606040e-02
6.267457459011893661e-02
6.610768402219946438e-02
1.039202446556828363e-01
1.787404231254186016e-02
1.796969418387561745e-02
2.441516806698018627e-02
6.131765435543456988e-02
1.114991142685539671e-02
1.219203229516097053e-02
8.690982831012661336e-03
1.115600834509677952e-02
1.396346803812775761e-02
5.860374982216853823e-02
1.041967925311837462e-02
1.459816606052299903e-02
4.687511442193681432e-02
9.266869599355231912e-02
3.953878874699512380e-02
7.152602487826698052e-02
1.385145734091111080e-01
8.005446253059744777e-02
6.915902866262513271e-02
6.846289159398111224e-02
7.305635673469623725e-02
6.652619072542620415e-02
6.807919486209357274e-02
6.614602984200246283e-02
8.601822856530816352e-02
9.381750574493707973e-02
1.100582652868524747e-01
1.039429302929875121e-01
1.065781369231899589e-01
1.128645749288352818e-01
1.061683916227593727e-01
1.016935321656546876e-01
8.324548859900460229e-02
6.439112568773452949e-02
7.379839155646550353e-02
7.611588446366113203e-02
5.948069587157078786e-02
7.235057141087963828e-02
7.103537509306079301e-02
3.444492956373323977e-02
2.436754990480949346e-02
3.003397361453608028e-02
5.951600731532380451e-02
6.202393932767336082e-02
1.148927499220917525e-01
6.112195157766109332e-02
7.691403206558788952e-02
7.842195173157051613e-02
6.520021804203679494e-02
7.561872639075772895e-02
6.911221790983290703e-02
9.511031846909645537e-02
9.097051736648609221e-02
1.100901935783440422e-01
9.086828967019755510e-02
1.114871022732586425e-01
1.172838037807650835e-01
1.061256665382188658e-01
9.884805192541534780e-02
7.897243663933295466e-02
8.269840516231852234e-02
9.096234866569830047e-02
6.850089795989333652e-02
7.679877296163795108e-02
7.044298842561147467e-02
2.647552448229362199e-02
2.369863926764992357e-02
2.269696757457495551e-02
2.969835172575585602e-02
6.170270133952726610e-02
1.539208226058690343e-01
7.534366486629551218e-02
8.437932332753916853e-02
5.995874397262923594e-02
7.412598828045702248e-02
6.630032746670622146e-02
8.678895493289928709e-02
8.764685085066048487e-02
8.647106281091510027e-02
8.386638227580078819e-02
9.725575314200796129e-02
9.236705828084268433e-02
9.374562522384621843e-02
1.077701418107608333e-01
1.126630770645533630e-01
1.193305939693800610e-01
1.185459557032118028e-01
1.125240339999891148e-01
1.047874115463400813e-01
9.933150625124653743e-02
9.833133045094655245e-02
8.303898717667834717e-02
6.300377714637761528e-02
6.100992495271384541e-02
6.182992487106275803e-02
1.108502359918475122e-01
8.119950746686299681e-02
6.243537749810457171e-02
5.555420544283151685e-02
6.269769728191931790e-02
1.328473062244484026e-01
6.809165291360841366e-02
8.859221638340386562e-02
6.340525231553328922e-02
8.703880843222577823e-02
8.021436480908050726e-02
1.028365745564769895e-01
1.094631672929153865e-01
1.184469535385233030e-01
8.504471338642360934e-02
1.039337170138878719e-01
7.520413123916114273e-02
6.527681690499775868e-02
9.330076755395566579e-02
9.356472607919386064e-02
9.366001154489822511e-02
6.742802543271864124e-02
1.209185455829810962e-01
5.898793489018316905e-02
7.404508577997148677e-02
6.084418701334470825e-02
7.384570873705342819e-02
9.669864320426313498e-02
5.979806414666199998e-02
8.152236793898737233e-02
9.286515187363875157e-02
7.491081476496219693e-02
8.381000660097015498e-02
1.273940799155752757e-01
1.193483109002499987e-01
1.252562525253324566e-01
1.037115669953436736e-01
6.618566220095090102e-02
6.062703344377950998e-02
6.419512198067423014e-02
5.196407737480512878e-02
1.817421856733290042e-01
5.042302774995732761e-02
1.004680076973727409e-01
8.739379914322853438e-02
5.997109533927869052e-02
9.996036070583613764e-02
1.036033416844475141e-01
6.208297842817955825e-02
1.156856510558554874e-01
5.698521151316526812e-02
7.887329097025030933e-02
7.674393410934499116e-02
6.723991066269263683e-02
6.218649344077675778e-02
2.076173740667854872e-01
7.593509360299321997e-02
9.501898330995572906e-02
9.270284815829654690e-02
1.025027512444012245e-01
1.115376840011776949e-01
1.009362899078496412e-01
1.125694847944487265e-01
1.131264889902467985e-01
1.112331515134883375e-01
9.825352144753196626e-02
1.097613207000449620e-01
7.270573388223056099e-02
5.156610672179340327e-02
4.441834396857302636e-02
1.803357520441295492e-01
5.320289493124619185e-02
4.981279784419712087e-02
1.001064031131591037e-01
7.544348185615490365e-02
5.352690716063079890e-02
5.753813680848907097e-02
6.528101882577175274e-02
1.120287104515682586e-01
1.971210437379795621e-01
1.569628684326289658e-01
1.085710821619159105e-01
5.213184647436719388e-02
8.589875927305001824e-02
1.035535213779894548e-01
1.207493089202671399e-01
1.211290616497535666e-01
7.222155797239793174e-02
6.408357048144353030e-02
1.258415446989147313e-01
5.338769353397765371e-02
1.755460602769289835e-01
5.841058480973515543e-02
3.863681507118599257e-02
4.624406653715595894e-02
9.238749527571599174e-02
3.989992506535600114e-02
5.562803982729747077e-02
9.483269407860461797e-02
5.654137201509001898e-02
6.538876930039805302e-02
9.258846010516208480e-02
1.681641558354840527e-01
8.076719551422684162e-02
6.348397050533094443e-02
1.076542590624285367e-01
7.256390863267370150e-02
6.692443261476910266e-02
1.621523841502039431e-01
5.051405726021584996e-02
4.767163682686259563e-02
9.894917726228413812e-02
1.174766831838951475e-01
8.057382789479561325e-02
7.294313316720035800e-02
7.484613889960201050e-02
2.422888902174236136e-02
5.715910778917532298e-02
7.393310130396457680e-02
1.096121608309204021e-01
8.966240462223140639e-02
6.688279135528318875e-02
1.389222312909623724e-01
6.015031671472570451e-02
4.877099959685438080e-02
7.147902510473613802e-02
9.483162916535547993e-02
7.647392824492271757e-02
1.134368455871026526e-01
1.098804717869370506e-01
7.633731773898944084e-02
1.741911545627772284e-02
7.932502630228555063e-02
7.824972649495975929e-02
4.035520053935215401e-02
4.603059664145803254e-02
9.933108777636334707e-02
1.257347089865561429e-01
3.917171849570877384e-02
2.300661797062275582e-02
1.301686250340026163e-01
6.797343152652501885e-02
1.130849878638855444e-01
6.428259494578014710e-02
1.695820005647874495e-02
8.069926754842526861e-03
7.389602974672015989e-02
6.758383316878280311e-02
1.187194100266424357e-01
6.872999556367176410e-02
5.488607324309668911e-02
3.715701177861774340e-02
6.923120398914761608e-02
1.364382083488635544e-02
2.182874303980497643e-02
8.015677614571359300e-02
1.078316029277175403e-01
7.206066771277619409e-02
4.243221272531627619e-02
8.160565295384003548e-03
1.106514343157414260e-01
7.378198644369149406e-02
1.038604149630373286e-01
1.087512513158799266e-01
1.235110480301955249e-01
1.091505030228745454e-01
6.710496605114713020e-02
8.255284784490868333e-02
9.035685620779076999e-02
1.624640871730207436e-01
5.835312698081907001e-02
2.192967087898978207e-02
4.395125874248151376e-02
4.547789841649318987e-02
8.076034631835682376e-02
7.823992273824842414e-02
5.112335652870569902e-02
7.581357271533306630e-02
8.079280830179413897e-02
5.668314747049407742e-02
1.116730131523127056e-01
6.945521177544833336e-02
1.062599515528290794e-01
1.158710456340941164e-01
7.669222242088835628e-02
6.687149904587386118e-02
7.404001339432397799e-02
5.255118096920341486e-02
6.947753068516249186e-03
7.221469826276916137e-02
1.247570437446938740e-01
8.254609755681485694e-02
8.364996002524094365e-02
7.418627090714835504e-02
7.987618286483666452e-02
3.409607377193424327e-02
5.964622654278173286e-02
1.109909362469352345e-01
1.233632330988712056e-01
1.183886958681341639e-01
7.340490293290713453e-02
6.238377870749900467e-02
1.643286621126662794e-01
8.898574277122861531e-02
4.116465425272508583e-02
1.110541781517895288e-01
1.124828863032689696e-01
8.226416915090339899e-02
7.930221531228198728e-02
1.030636007001248799e-01
7.492371742750947305e-02
1.291601805517075263e-01
1.108642629997120821e-01
1.259118270377257431e-01
8.180408420093954192e-02
7.505543428783312265e-02
7.622496710132509179e-02
-3.961930257901258301e-03
7.036381084344611736e-02
1.917678543713918771e-02
6.240301989191721077e-02
8.654086240039760014e-02
8.180155910827124899e-02
1.254786358269939228e-01
1.012823994356040203e-01
1.756705148454784648e-02
3.038942038233471976e-02
7.129822151409825892e-02
6.539066887194167066e-02
7.275001349466947431e-02
8.212034579241844767e-02
9.452357688610391051e-02
9.616077117493659898e-02
6.735349019822933769e-02
5.990749749139467895e-02
2.526207075106867705e-03
5.851939422541363456e-02
6.373412392008503957e-02
1.098170287352786545e-01
1.163906750116439071e-01
6.209555260988963710e-02
5.715134032470814418e-02
5.400554751895469963e-02
7.270099697643672698e-02
7.296970106790467980e-02
1.088770167373240838e-01
1.563312847770248482e-02
2.409864199580624700e-02
2.919908242188284930e-02
5.203264362580739544e-02
1.110758230922783696e-01
9.453141285393940052e-02
8.677926718132766837e-02
7.929330274396306777e-02
8.600265027530440420e-02
2.572452379490641761e-02
4.116689482793844945e-02
1.311959737599863729e-01
1.105151273991396010e-01
6.995362376915181812e-02
7.545863670429753256e-03
9.901388352295725781e-02
9.961599358734929410e-02
2.542056973766193551e-02
1.249557581018052588e-01
4.293333657301445783e-02
2.435366234749380965e-02
2.649286954260787752e-02
4.630024385187425651e-02
1.037502073079394904e-01
1.115831418774178019e-01
1.005542095497276023e-01
2.031185883743091836e-02
2.499256905343827384e-02
8.932282286195913912e-03
2.598620944104368391e-02
3.346686607233095856e-02
1.154522529450332513e-01
2.891315666897753545e-02
3.862732604443408491e-02
1.248311330050455581e-02
4.002922511676842987e-02
3.619258548928883101e-02
2.795823250539797300e-02
8.967472945573717880e-02
9.121255617014867312e-02
8.686170079522526066e-02
8.943776611727116688e-02
7.304482286212987674e-02
7.307836288805447111e-02
7.517358030099785537e-02
8.581782087389910885e-02
7.572722490317573829e-02
7.991607614508211554e-02
6.953295559605976450e-02
7.313526403436299006e-02
8.058481028115238587e-02
9.152467305716527335e-02
6.625018510976588004e-02
8.142641382755755330e-02
7.173933113040220633e-02
8.857875774606327468e-02
6.794474374328274280e-02
8.556947033207507047e-02
8.207307530847174348e-02
9.105265202038026473e-02
9.150746797149622580e-02
7.581615035655886459e-02
6.773419490059495729e-02
7.601331247451525996e-02
6.303083130046616134e-02
9.857673929423071968e-02
9.009300236584749655e-02
9.398404779221891658e-02
7.300549159731417603e-02
8.711992438452398346e-02
9.839014564090575732e-02
1.069284282987155166e-01
1.034091047865786095e-01
9.057274111842161801e-02
6.027816619871373405e-02
1.061335259614679671e-01
1.050818923968108720e-01
7.461504206639801851e-02
8.564211497173346288e-02
6.197604518206389912e-02
6.178327065072153346e-02
9.051822956621435878e-02
9.640393024278637313e-02
1.098541212750205887e-01
8.345786102336205659e-02
1.046314328248172387e-01
9.699803093531045306e-02
5.499778955390866031e-02
7.027523547299097118e-02
8.577347611185359710e-02
6.415341398906093673e-02
6.700088076422616723e-02
7.627272864306178235e-02
8.877135971783900459e-02
5.824574289613337896e-02
8.350114079166814918e-02
9.949668653848675604e-02
1.038727302611732739e-01
1.128345676065691805e-01
8.979022414337123337e-02
8.233123654235896538e-02
8.574013805468894134e-02
7.418135569787409622e-02
7.175491045450144156e-02
7.528093017845094437e-02
7.510001510308939032e-02
7.766432214566520997e-02
8.323342049357052019e-02
7.111205282058108423e-02
9.225156387719835038e-02
1.101510656117170583e-01
9.192333508690353483e-02
7.056453734799106314e-02
1.111505250180471194e-01
1.116632122323153453e-01
1.037135834560558578e-01
1.128162650541071343e-01
1.174276342549092078e-01
1.085051607051354949e-01
8.858937363402219489e-02
7.917297353787944303e-02
7.178448497484168911e-02
7.884516366698335332e-02
7.277585415499743249e-02
7.386600366362472414e-02
7.377776008229375293e-02
7.840048100752028404e-02
8.126920598147080455e-02
8.792978969813702861e-02
7.593634186810049869e-02
6.935083625398874574e-02
5.548395840310149651e-02
7.101221124889889325e-02
9.872589712654189498e-02
1.000471845597985521e-01
1.132026654452147341e-01
7.736962828676041681e-02
9.918692259816452861e-02
1.005177710076168296e-01
8.945891270491301839e-02
6.147234732407014235e-02
7.896115298694894591e-02
8.025493276159068046e-02
7.432538130956345412e-02
8.326961046918768261e-02
7.240514864543001750e-02
7.027222488227380381e-02
6.741983825600073033e-02
6.328036237096057448e-02
5.935304536637886486e-02
5.885656318901055783e-02
9.817238312211884477e-02
9.378853151292787516e-02
7.416441596410550119e-02
7.062039580273449246e-02
6.872753790094066062e-02
7.056051022141218709e-02
7.858994402590724349e-02
7.657361894507630495e-02
7.526155021400882106e-02
7.207304597091024334e-02
7.454820254156402370e-02
7.890850037028940278e-02
6.497487191768414050e-02
8.113894093480666925e-02
1.139120728555553796e-01
1.152863000415891293e-01
1.037282097722709295e-01
1.037335601429276721e-01
1.059230236489838717e-01
1.106817086524642946e-01
9.834181564224309113e-02
8.825015121237811400e-02
1.122084425048797129e-01
6.289206411497616500e-02
7.649737219321650628e-02
7.107472293932914909e-02
8.120754145261344092e-02
7.096895140625747445e-02
8.204492106915495242e-02
9.395009452464364585e-02
6.996503534787734679e-02
7.212027147647859238e-02
7.082698839940348989e-02
7.645275523009331664e-02
7.943245069327531382e-02
8.367964566491536971e-02
6.742344484564455342e-02
8.610710980815383664e-02
1.036877715093851293e-01
1.037220971923034085e-01
1.109419837925997854e-01
9.066722036186547484e-02
7.425732687033814727e-02
7.432528490994627646e-02
7.711047993143438362e-02
7.237639615141233662e-02
7.396752456111244101e-02
6.853714428666535241e-02
7.087091549237811705e-02
7.108637329406519711e-02
7.683442858228772820e-02
8.400022972796250542e-02
7.292355710001174884e-02
7.722184832641687535e-02
7.238840523245926306e-02
6.686047844664244622e-02
6.904380944888544036e-02
9.193025872286852973e-02
8.883898036992832203e-02
1.129196150038751512e-01
1.220713792331480363e-01
9.883766639700297674e-02
1.110101523081539199e-01
7.518072506854878156e-02
7.158502067045446893e-02
8.758407370692111726e-02
7.443010067913746752e-02
8.195696438815502916e-02
7.798520779215323273e-02
7.669405799333617324e-02
8.064654385066205577e-02
7.722324429778382182e-02
1.194212479508678371e-01
8.363265626053362212e-02
8.542244498016771104e-02
8.808463574337110913e-02
8.905905021151738765e-02
9.272418651153202518e-02
1.133425581604114996e-01
1.082132143594662921e-01
1.123105765507261822e-01
1.005049957623214141e-01
9.270118792824177945e-02
7.260976735392432602e-02
9.029988456541104824e-02
8.661406282703865145e-02
8.739494185829244088e-02
8.043635415901917440e-02
7.300092314267203619e-02
7.611113061307150929e-02
9.550931807325468981e-02
7.490123439151830098e-02
7.486902236905734753e-02
7.926903129168749729e-02
6.821752853898033209e-02
8.255988476480524696e-02
8.799723422589522670e-02
6.790288947399858444e-02
8.758951080631049990e-02
8.930565533069056983e-02
8.613598130591526569e-02
9.169829774464233196e-02
9.744012977648708329e-02
9.600640491430567636e-02
1.094918802589290863e-01
1.083670152181639423e-01
1.021144044661923544e-01
1.031273578698801430e-01
8.015628207544978068e-02
6.831810959261019889e-02
7.697721710542282381e-02
7.000456529317489185e-02
7.988171640340624435e-02
8.940923191721594776e-02
9.375334545961777621e-02
5.820646563029185927e-02
8.452690347689895134e-02
6.965945993874811393e-02
1.144496522128974902e-01
1.184078074213630316e-01
9.590265986071244697e-02
1.064035868746486813e-01
6.518478313205378072e-02
8.692831084658791951e-02
7.213436989900401386e-02
6.499830148845830990e-02
6.741449534524690534e-02
6.299766082929636468e-02
5.964226007063189172e-02
9.658691326171719993e-02
7.276557411614703597e-02
6.619547193122343742e-02
7.226357143076711509e-02
7.078590681226160086e-02
8.581444682022265624e-02
8.658542506009325734e-02
8.202686722552243737e-02
1.017771792892290250e-01
1.053948341402701772e-01
1.081264934198316041e-01
1.099350176555162761e-01
1.145898636025322048e-01
1.097925281160314626e-01
9.305334062423753494e-02
5.630820273495373840e-02
9.598038211879611481e-02
8.951568681595745147e-02
8.848913966380678175e-02
9.644936758218136674e-02
7.726581327392523235e-02
8.140886058640717238e-02
8.999488708468561526e-02
7.236602534385383478e-02
9.363291288468644780e-02
1.044476418267095141e-01
1.114295027300613583e-01
1.036121004524375167e-01
1.169366432347942464e-01
1.206592006421942642e-01
9.122571003172197379e-02
1.078964932942199084e-01
7.851583760998437356e-02
6.779012971333031601e-02
6.953238703636088758e-02
8.745436409867579641e-02
5.726821640701018623e-02
6.910350681096133485e-02
1.023552295371246146e-01
5.984248935374125722e-02
1.062105385726681561e-01
9.631217771766387159e-02
1.192857650869427744e-01
1.048329290058518382e-01
1.092809086378565553e-01
7.245124524365564866e-02
1.032192232034958579e-01
6.838793997917491652e-02
6.271350825795707351e-02
7.320210306306762504e-02
6.259142626709035540e-02
8.607074108476808760e-02
9.587862902185406710e-02
9.016552787466025620e-02
9.798125138081559271e-02
8.210165172590677685e-02
5.413560901411074155e-02
7.417859081510869146e-02
1.194571085181905801e-01
1.129718861200217361e-01
8.026333777456784446e-02
5.402373544643523928e-02
8.764068769960431382e-02
6.836420462173009582e-02
7.219624230879162496e-02
6.846867377930720977e-02
7.283768840738957806e-02
9.995559593130565190e-02
1.010512719328744424e-01
6.399642639394187427e-02
6.341650973126888857e-02
5.910441022865597915e-02
6.932581475234655954e-02
9.161028217999955814e-02
8.025205019498571346e-02
7.335287194337070105e-02
6.086424903173792700e-02
9.308860170608568296e-02
9.275293142945884028e-02
1.044108392777616245e-01
1.121299928763619391e-01
8.974291326853744977e-02
7.669550835748850659e-02
1.171557585860227846e-01
9.781984144683519844e-02
7.795929551571134652e-02
9.269661584562527423e-02
7.050966014912773971e-02
7.702943344702362083e-02
1.292651706087326602e-01
6.566208439335241565e-02
9.010749714275334554e-02
6.659758870978293999e-02
6.400615392453801178e-02
1.105317596559416415e-01
7.791138148468235158e-02
1.065121091171477019e-01
1.081593862252248073e-01
8.471000189479127584e-02
9.364131026381983247e-02
8.509383358045852219e-02
7.813220063803782978e-02
7.983524298947486386e-02
9.105928974418020516e-02
6.486654184004692070e-02
6.373542475398608076e-02
6.665768440234387526e-02
7.248674364427643013e-02
6.285880485734196554e-02
6.474479597363824723e-02
7.123141972920166154e-02
5.089946554721791472e-02
6.270312211131567892e-02
9.510339474036300089e-02
8.291343255973515625e-02
7.237343593783407414e-02
1.199237403363895282e-01
9.381019002375978744e-02
9.664176957949166535e-02
6.185915842934264219e-02
8.898626448535651434e-02
5.817382128020653909e-02
5.640781266015437723e-02
7.191445234002458164e-02
7.222910894051892683e-02
6.621318027600864298e-02
6.699976025788600964e-02
5.826498457258821873e-02
5.474322226473304909e-02
6.078670613101166964e-02
8.757023936482255522e-02
9.060001511784321337e-02
7.231337346797772625e-02
6.218530954765810748e-02
6.466772122439579107e-02
7.304029974420700455e-02
8.607298951687880617e-02
8.653248774999156012e-02
9.443180734251654940e-02
8.898588092733916710e-02
9.914927075737978157e-02
1.090826299134732835e-01
1.021285767412791756e-01
1.102670060597574775e-01
1.062665099914283928e-01
8.425735804553369235e-02
6.036775526627025101e-02
6.850657000359205995e-02
5.772761891989830474e-02
6.381076352931813744e-02
5.590415960068639833e-02
6.859420063256038702e-02
4.305046411809598794e-02
7.300546456940537610e-02
1.067597615631257213e-01
5.046918141101741639e-02
5.947207854933367344e-02
6.322917770989988639e-02
7.456903331717512629e-02
7.974540501186311303e-02
8.222212988812316325e-02
8.458570182096991630e-02
8.057599578660301631e-02
1.020992717740227818e-01
9.888910723680055526e-02
6.833142724826757330e-02
8.603547748953133123e-02
1.205706741061476350e-01
1.135613422295591590e-01
9.661501747450529365e-02
1.015227018140194559e-01
1.132700319162722735e-01
4.801319600005626853e-02
7.060110262887064891e-02
5.132810377745045116e-02
7.830869580152466369e-02
7.298623440283336095e-02
6.592698882968761609e-02
5.754286031879018992e-02
3.071755742462300987e-02
9.807222272706894728e-02
1.154525337276481878e-01
4.358635525863974181e-02
5.047290986385633005e-02
6.259888964950732770e-02
8.257192066571406031e-02
6.750954313679358165e-02
1.068064082958244398e-01
7.166453613012890855e-02
9.120562803423126752e-02
8.863088381190209475e-02
1.075144049461869145e-01
9.594463017560883600e-02
8.120320536568215175e-02
6.945823574483256380e-02
9.276894831486970361e-02
7.349129197177717288e-02
6.286033016408509866e-02
5.923604295480799919e-02
2.999788713464113243e-02
5.738928239452434354e-03
1.212468454148165620e-01
8.975646049543684057e-02
4.279686303107155254e-03
8.426689513476048887e-02
3.090537403249982162e-02
5.387820481200833456e-02
6.439759292038615968e-02
7.485426758807989245e-02
6.744576296910054225e-02
7.267306506923887355e-02
5.976548426156114147e-02
7.260966692342663009e-02
7.771790494325614418e-02
1.004813568267763912e-01
9.094850761562156549e-02
7.384086560773539532e-02
1.179277007763630536e-01
1.038049855326335091e-01
1.082175671460845479e-01
9.869918590379711532e-02
9.248520036589980009e-02
7.390519067530476605e-02
7.726289549395914946e-02
8.577042925071509671e-02
5.798608380246150773e-02
8.683983655237170751e-02
7.306530361324803380e-02
8.313346050908876350e-02
7.298602031983136840e-02
5.943164543600687466e-02
7.936923542092699790e-02
1.028828898249685153e-01
-4.385228686032860423e-03
8.098646983034996083e-02
7.366290766299243842e-02
9.893441706776684441e-02
1.038125313627915602e-01
1.183251549814485770e-01
7.736741862299822969e-02
1.091969295989656530e-01
1.156505526230375835e-01
1.119064856118257012e-01
9.060022052199201426e-02
1.079042879216558504e-01
9.392418372272004490e-02
8.210249761464183393e-02
7.136851084146655921e-02
7.598068166294069670e-02
7.575268908044563432e-02
8.800956148911609489e-02
3.208614022264555388e-02
1.982643102223846654e-02
2.903509981547358620e-02
5.864984050072052923e-02
6.155001256115610886e-02
8.377450456350743480e-02
1.124658784194707550e-01
1.536142679537988442e-02
4.972757921882475785e-02
6.590499873323096836e-02
9.081837563257977308e-02
5.609013113826222252e-02
6.301762433099611371e-02
1.013637814276080462e-01
1.097596084400720429e-01
1.151767576636757440e-01
1.169940121692434332e-01
1.127584513326382876e-01
8.878135027862299467e-02
1.058735838716984290e-01
5.717310631075633864e-02
9.937347993536604918e-02
6.614290935362987511e-02
8.496738864346298215e-02
4.396051486560281774e-02
1.700391984365978715e-01
-1.592381840737289167e-02
8.001053486964337935e-02
7.033137986400106456e-02
7.007868257937843737e-02
7.216424154967171489e-02
1.136436761662480421e-01
9.712844801674691553e-02
1.017823355157361220e-01
1.252802125204652839e-01
1.115400291962487245e-01
1.048882343152399699e-01
1.006509740234378114e-01
9.887052925273565052e-02
1.077890300252875022e-01
8.642149067122772976e-02
6.242091169656305283e-02
5.386736973514416604e-02
1.493083464265509974e-02
7.896161737107831868e-03
7.293255234230855422e-02
4.469874907977100520e-02
1.216463788605324226e-01
3.312938698309153551e-02
9.757034411450149491e-03
1.579122207408545364e-02
7.062500149345396494e-02
6.129415815462380124e-02
8.290962073215268902e-02
9.762899530392132874e-02
8.672208430675709678e-02
1.161694905679269141e-01
8.099349034637270961e-02
9.388242676027402922e-02
4.953107791175170860e-02
3.232298127090871276e-02
7.373719081897434080e-02
6.705715065822914767e-02
7.016065973880358797e-02
1.359034587972018926e-02
4.743409432171574736e-02
3.958457591011210752e-02
4.892260105862078490e-02
7.862182920439408917e-02
4.904771242877359327e-02
5.256181884556099249e-02
6.473390440510229382e-02
-3.808259757988707861e-03
7.149286825074341323e-02
4.808656588033954904e-02
5.179907019714846683e-02
5.948096845099826169e-02
9.231595220626331866e-02
9.667459340721507033e-02
7.995850825568595610e-02
4.497556647152123332e-02
1.114141240930166532e-01
1.222107061309998244e-01
9.986557047409405641e-02
5.220371715290639258e-02
1.085381983755269175e-01
4.935243519571486104e-02
1.959081159179731912e-02
5.350603843021417561e-02
-4.963058661132890848e-03
5.523459636310690257e-02
-1.337405068738917180e-02
2.381003115601743048e-02
2.162435739023749193e-02
6.089216434475019923e-03
7.605453440396559017e-02
7.075985786764249497e-02
7.741128467705493676e-02
8.432879981364749256e-02
6.770194538080431812e-02
9.315362673714844277e-02
1.191937864311967132e-01
1.221509075060112082e-01
9.865894321342238982e-02
9.707155910314213543e-02
7.161785453422453429e-02
5.289004977339573088e-02
9.272583151096114307e-02
9.011617926421422453e-02
5.896957963159366045e-02
9.242762041276364471e-02
4.448139951432494854e-02
4.731937525320972782e-03
3.494881543156225234e-02
4.551377807297285472e-02
1.126367845170079818e-01
3.464152730771274946e-02
-2.075473446984688053e-02
3.549444589611994161e-02
2.542705861856120464e-02
5.875177975212864112e-03
9.006844220789389510e-02
1.246189485455033719e-01
3.315944140081228397e-02
6.486300408823808539e-02
5.906508681277955475e-02
7.144247161477323971e-02
7.841027959125312918e-02
4.795002118044067174e-02
6.563973769289077609e-02
5.599560761083921534e-02
8.752258918752886530e-02
8.151490973523323191e-02
4.419956878132325073e-02
5.639502876238111639e-02
5.079062653089749801e-02
3.791716939531397657e-03
5.760811121012920921e-02
1.146847919630999968e-02
1.772338028558806400e-03
6.275953924591703981e-02
-7.382061313137455727e-03
-1.388515415851543366e-02
-8.211483968807442579e-04
8.511424919106502784e-03
4.099053458094203961e-02
3.739435376860456017e-02
6.135112379365637025e-02
4.571908767547938623e-02
6.161741272285325977e-02
1.076539229782156326e-01
9.612194748524416354e-02
1.272394921340946894e-01
7.252916658558206109e-02
7.224582572848703421e-02
6.163415942660321889e-02
8.103753904561017407e-02
5.789079667033547594e-02
4.701021525966098125e-02
2.837900707163498737e-03
-2.866991025939569226e-03
5.070313580881702364e-02
7.101834588479505328e-02
6.184028039888289641e-02
7.391987649884868006e-02
8.192614792301355919e-02
9.654510034511076810e-02
1.247379078702124389e-01
9.510996408721439366e-02
5.768624351526341343e-02
6.501346939694485627e-02
7.024387034516621497e-02
3.166275670992035884e-02
1.066895942904011463e-02
1.190229954045207705e-02
-3.096340117508589174e-03
9.432815478248812724e-03
4.864170223072505905e-03
9.051075382672024716e-02
5.386626926861026732e-02
6.495641367860116588e-02
9.163048426194109197e-02
6.028260457924261573e-02
1.206475766998664767e-01
1.080467656950077071e-01
1.164652476488754473e-01
9.724906355427265225e-02
7.684805576354847290e-02
6.618015718754577392e-02
6.576901884659491770e-02
8.717859009902895195e-02
6.126137442629442376e-02
7.618171410558716161e-02
7.053110258971173607e-02
6.231246110564825358e-02
6.910227213757025311e-02
1.802551497553395166e-02
6.056187609078733658e-02
1.164660305971665366e-02
1.335315817323134979e-02
7.863380982826129184e-03
6.201134693355925265e-03
6.302230633536964888e-03
7.125417032284531160e-03
6.972703221981646493e-02
3.101929731769814680e-02
9.292039238971483428e-03
9.520424362335688784e-03
6.340936251581297256e-02
8.735934314017868019e-02
6.880578594359576527e-02
7.229000240408822719e-02
8.289150685436652566e-02
8.880404471597103111e-02
8.274464668170367077e-02
6.236287333740619943e-02
9.897331133493025845e-02
8.064392787059659895e-02
1.061272953954812692e-01
7.923321862767807033e-02
1.106171388858001592e-01
9.747139900355250575e-02
9.620968521358008729e-02
1.110528590145349881e-01
1.063022658593126835e-01
1.008384933704746800e-01
1.072687241680796433e-01
8.048377453974353557e-02
8.383498450052684348e-02
8.920448157596183592e-02
8.956706884646337130e-02
7.675681044338489301e-02
7.263639372854413523e-02
7.267746010552400548e-02
5.959828247773657495e-02
7.183997697870836419e-02
7.573195844179281266e-02
7.279378278076364950e-02
5.783180077946781239e-02
7.016672931399625668e-02
6.065873509965058474e-02
5.410637383124594635e-02
8.327781328421224316e-02
1.025863434790608153e-01
1.079200725841928943e-01
1.354354134605273430e-02
3.263973098864880740e-02
5.794137715065517114e-02
2.877809912047268881e-02
1.196765992426662706e-02
5.962891110561940877e-02
6.797494976467532979e-02
8.362503352850580995e-02
5.824571765947439417e-02
5.827533020078590198e-02
6.465478406289548730e-02
6.431628236668984755e-02
6.551780767085801926e-02
6.530794973900810874e-02
8.758425383803114528e-02
1.112641579379669565e-01
9.123599349618416454e-02
7.458400164364320517e-02
9.681470367308975256e-02
7.996481137070077239e-02
7.717724614508369996e-02
6.821594833741073671e-02
7.567165407795073406e-02
6.375485888497678388e-02
6.717794561063783476e-02
6.821658616559034272e-02
6.519129828052427911e-02
1.352609355556069204e-01
2.347263486376505170e-02
1.748544726547152095e-02
5.846092523211154912e-02
1.115071007302503858e-01
1.359872656094012200e-01
3.584114603449961578e-02
2.661560018736963684e-02
2.337373143882359727e-02
9.399484487789777631e-02
2.623488920062300167e-02
2.995319404840302013e-02
6.340526115059219592e-02
8.001047973652930523e-02
7.209705921627573844e-02
7.542481179302740202e-02
7.572408978353450948e-02
7.706694372768652102e-02
1.002410278517800180e-01
1.082499351616661443e-01
1.196400735132101545e-01
1.095429385554780310e-01
1.215092983686645312e-01
1.261728289209713694e-01
1.073500169861745235e-01
1.107475265132507047e-01
1.007418628098548652e-01
8.648825211616895103e-02
7.687214785778451187e-02
6.473733658344826836e-02
6.930276367847909569e-02
7.066134850083471974e-02
7.641279292079161678e-02
7.911740949498380360e-02
7.051140855969606491e-02
1.349133506762427714e-01
8.559371137448579248e-02
6.078012949910771567e-02
2.736568025534324988e-02
2.336014465913649474e-02
6.133062977141889860e-02
2.161703537672110542e-02
2.280399673531974258e-02
5.880593014262558427e-02
6.384418645552614180e-02
1.758856673031914397e-01
8.035752052251154964e-02
1.142008731940222788e-01
6.818155951282278693e-02
9.756894945553540310e-02
8.953673097607861564e-02
7.363735195986009785e-02
1.213723051566830691e-01
1.197955152397298662e-01
1.135662815427167516e-01
1.146681209938833490e-01
1.042793337453531421e-01
1.051548971547617839e-01
9.889663367653156456e-02
1.008177728656391992e-01
9.504013970854430227e-02
7.353275651348667452e-02
7.266452914359433635e-02
6.533671303145638376e-02
8.821874706427479396e-02
6.161887163716528448e-02
9.079250189392951143e-02
9.988893737636317383e-02
6.465754560417735775e-02
7.191129589091360685e-02
1.104086548323266470e-01
8.665208898355558631e-02
9.321508113816889818e-02
9.312162261267076246e-02
9.012426890444658056e-02
9.333347748633968877e-02
7.282624555091388174e-02
7.871698061967435933e-02
6.162494965838050121e-02
1.331800895270589535e-01
5.496797370119566040e-02
7.485996629975488759e-02
8.555096725331168273e-02
8.648654826265556039e-02
5.477943885011882230e-02
6.616773033920253511e-02
7.573193939242628403e-02
1.042633962395029812e-01
8.109328185969388869e-02
1.107836915664393018e-01
9.103191898634577228e-02
5.773088768864909071e-02
8.324380729595759476e-02
8.558212107436702354e-02
6.257312305797313456e-02
5.463539985294119106e-02
6.629660680869164935e-02
6.170034109231892216e-02
8.492087286754212982e-02
6.281206722383103624e-02
9.185297146495940979e-02
1.054040297924530023e-01
1.090516534752623556e-01
7.418151547994966677e-02
1.217873034831882251e-01
1.164621162661205744e-01
1.097908857047968922e-01
7.590186519723829406e-02
9.286581996570930642e-02
4.775111306253165822e-02
6.814600990310282214e-02
5.483731528101998265e-02
7.771429388162687246e-02
7.273704169210759574e-02
5.936234491900904686e-02
9.193042401989259815e-02
1.095695136323229235e-01
1.060994516321898118e-01
1.205714349553090869e-01
5.924058177379265544e-02
6.773079154868355545e-02
1.109014498310898489e-01
6.558017926022330357e-02
7.003684397091092251e-02
4.507588530600514787e-02
5.206719071338739013e-02
6.369571355753578246e-02
8.147451178501796676e-02
9.638941481284746260e-02
1.141127471260006132e-01
1.183028651876156800e-01
1.102631176040631544e-01
8.457504425905426615e-02
7.803903366902886773e-02
5.322733321668238204e-02
4.205891942478956480e-02
1.935952819874273700e-01
4.145422364285877848e-02
8.912126641075701627e-02
9.985589740767863987e-02
1.139651917108039925e-01
6.660126349606798613e-02
6.817388857530204405e-02
4.246372832631095662e-02
5.947708108169535990e-02
8.042915800729133480e-02
7.976713474522512115e-02
1.049809951337010716e-01
9.586041205216133676e-02
7.242042677694371378e-02
1.263227358265339717e-01
1.193148402057886415e-01
4.320781057799649716e-02
3.345822721598779026e-02
8.046923091023927554e-02
3.480689640923628758e-02
1.725772911174772162e-01
9.119375534328355570e-02
8.782921622901085357e-02
8.218476553702203091e-02
6.262469397120185022e-02
7.636266680628978065e-02
4.074654119472143066e-02
3.477220918921375414e-02
4.418603627482298180e-02
1.474868979978509742e-01
6.143192428248767101e-02
7.922017952569149202e-02
7.455870779836004658e-02
7.678065634445374599e-02
7.593297476205407293e-02
1.051932411685356783e-01
9.697392587213471415e-02
6.209260851369435841e-02
8.502511590359063121e-02
3.090504461010823434e-02
1.490759551243172609e-01
1.223401740894587419e-01
5.664482412976212800e-02
5.396874553639463556e-02
8.306848872462069266e-02
1.036709167010485544e-01
6.043845832414262986e-02
6.061718792307146941e-02
1.096954804345386947e-01
9.272359861847689899e-02
5.719578907223876740e-02
4.752633511429849023e-02
7.860421259283612017e-02
1.084839168188409531e-01
1.046515151513176534e-01
1.196868953868488461e-01
5.932373232985810318e-02
6.422141830330474477e-02
5.880520490995877481e-02
1.387168004268914956e-01
5.228214300746003573e-02
5.630150211050022335e-02
1.111077402867977071e-01
6.477526903586294793e-02
5.927802100313783740e-02
5.733521289357668138e-02
3.861602181609669060e-02
6.064117745791008929e-02
3.046496811543875083e-02
7.239813229102765035e-02
7.484349768674292136e-02
6.409725585558589955e-02
1.091158700185133057e-01
1.093014466248405370e-01
5.676376298401919485e-02
3.374051039691039477e-02
4.315719083251678967e-03
5.020472249134400045e-02
5.823282476171698363e-02
6.350639171046168485e-02
7.500802865911282424e-02
6.174048587513425446e-02
8.824619395204535977e-02
1.187735020846503176e-01
6.555319569133644109e-02
1.289539125586998125e-01
3.890664612822547497e-02
8.022642589389761270e-02
1.170667563810638967e-01
1.265017976772924158e-01
6.914487397534685442e-02
1.071213815696410165e-01
1.071056738078368653e-01
7.029466057610989083e-02
6.217615352784378047e-02
4.188505488627924933e-02
2.569701032075499825e-02
2.070553315252254833e-02
6.458761419457914599e-02
5.654336025645534392e-02
5.533690501442833920e-02
4.032058482175671088e-02
5.690647742949295207e-02
7.483588326203971519e-02
1.228288539089135156e-01
1.174960587709392712e-01
8.103208601596634253e-02
5.207841768810794747e-02
1.577281959696392732e-01
6.420470844864212268e-02
7.776054499640849826e-02
6.669963583431126608e-02
1.103098604623937717e-01
9.636820381570032623e-02
8.432043063180572062e-02
1.159906136006156885e-01
1.028783218000626221e-01
1.241687072124477709e-01
1.172827259013047296e-01
7.842846944163284206e-02
8.024901763383240905e-02
8.009064424163625517e-02
5.163505645600707794e-02
1.593394932053797675e-01
-7.765602391373249702e-03
2.951745112704884377e-02
6.025108561243541772e-02
1.068350668995208252e-01
7.644269631782663055e-02
7.379406860241033428e-02
1.375640097626273928e-02
8.572773911464537377e-02
1.895994362143937906e-02
6.196551064431332634e-02
1.257562559303551097e-01
8.892619015227865020e-02
3.803672241360800399e-02
4.989063031644036528e-02
6.366346483150664426e-02
1.272433586409533746e-01
1.197764453911531746e-01
9.866020402205322171e-02
6.362491398340353044e-02
6.980516251837798336e-02
9.324434550512705755e-02
1.021166198186165275e-01
1.042338577733517013e-01
1.121232780099035153e-01
6.673525860378504149e-03
5.543730619342568389e-02
6.934997877806381439e-02
5.708278461656846048e-02
2.831525636088372266e-02
6.115743253826622094e-02
1.517681338168586080e-02
5.980623401683260454e-02
1.177263666090766492e-01
1.126149132030604960e-01
6.608737532246777846e-02
9.326768163623455621e-02
6.334412889577833994e-02
2.169694517669995548e-02
2.786348467816424090e-02
7.859007681236107601e-02
7.738878693407968967e-02
1.288991589356101031e-01
1.133412281913024344e-01
6.723863426282150613e-02
3.725807801470182312e-02
2.197032129151921254e-02
1.779464226456184406e-02
2.900348915090944502e-03
3.042409649901856028e-02
1.299762228970848810e-01
1.031881986561984377e-01
3.339095994328999950e-02
3.021213974102465727e-02
4.157803303996843169e-03
3.096556544505801867e-03
5.819039218954458192e-02
9.757212936710857321e-02
1.071623240923145204e-01
1.187111514652769984e-01
1.074671154631232639e-01
7.028713124418572988e-02
7.571617863732171827e-02
2.544277265792516118e-02
2.419761726582692063e-02
3.335066100385120080e-02
4.007678877383114013e-02
8.059975412061248790e-02
2.641118329302116763e-02
2.261352636651281500e-02
1.374076971728754870e-02
2.303884517391452391e-02
2.188272441094341048e-02
4.632775286268042692e-02
1.088650505394070933e-01
4.334413661035796395e-02
3.193384630549189751e-02
1.082934258949990181e-01
2.793990940858748218e-02
4.025201012677825929e-02
3.316890612541101291e-02
1.812640367165840871e-02
3.307017637985154579e-02
3.129129737135372125e-02
1.434558943196861946e-02
2.482720246189273894e-02
4.162532058830947790e-02
3.375233550059419940e-02
3.087721875886018097e-02
1.572684063603446702e-02
2.651801163005984563e-02
