1.19681
2.00656
1.13893
0.57117
0.3694
0.266421
0.26589
0.190216
0.131332
0.125076
-0.355875
-0.515563
-0.209012
-0.133379
-0.164617
-0.18765
-0.170746
-0.0788585
-0.034258
-0.0330619
-0.200493
-0.295467
-0.12665
-0.080606
-0.0930182
-0.101289
-0.0931472
-0.0457609
-0.0215018
-0.020735
-0.355875
-0.515563
-0.209012
-0.133379
-0.164617
-0.18765
-0.170746
-0.0788585
-0.034258
-0.0330619
0.105821
0.309851
0.427101
0.400824
0.318683
0.269746
0.237816
0.192884
0.156996
0.140242
0.0596173
0.165428
0.220856
0.207886
0.165402
0.138881
0.12151
0.0966072
0.0776072
0.0691755
-0.200493
-0.295467
-0.12665
-0.080606
-0.0930182
-0.101289
-0.0931472
-0.0457609
-0.0215018
-0.020735
0.0596173
0.165428
0.220856
0.207886
0.165402
0.138881
0.12151
0.0966072
0.0776072
0.0691755
0.0335872
0.0886779
0.114562
0.108161
0.0862308
0.0718274
0.0624135
0.0487028
0.0386089
0.0343631
2.37842
3.05266
1.43287
0.948786
0.417199
0.242725
0.238646
0.191012
0.1483
0.146017
-0.79324
-1.35244
-0.952718
-0.49595
-0.18321
-0.0954391
-0.0361858
-0.015293
-0.0345989
-0.0654998
-0.437491
-0.738594
-0.501781
-0.249181
-0.0895617
-0.0517052
-0.0261569
-0.0151905
-0.023448
-0.0399229
-0.79324
-1.35244
-0.952718
-0.49595
-0.18321
-0.0954391
-0.0361858
-0.015293
-0.0345989
-0.0654998
0.264557
0.830792
0.825234
0.437486
0.237188
0.121867
0.0832431
0.0663232
0.052589
0.0748397
0.14591
0.444788
0.431359
0.222524
0.119204
0.0611649
0.0418122
0.0343441
0.0288434
0.0413794
-0.437491
-0.738594
-0.501781
-0.249181
-0.0895617
-0.0517052
-0.0261569
-0.0151905
-0.023448
-0.0399229
0.14591
0.444788
0.431359
0.222524
0.119204
0.0611649
0.0418122
0.0343441
0.0288434
0.0413794
0.0804728
0.23843
0.225812
0.113314
0.060048
0.0310395
0.0214736
0.0181884
0.0160451
0.0230793
