1.36756
2.1883
1.06252
0.452706
0.338531
0.272739
0.274578
0.194372
0.139561
0.132226
-0.372941
-0.487388
-0.134362
-0.119537
-0.196717
-0.20559
-0.151209
-0.0401327
-0.0165503
-0.035596
-0.212171
-0.284633
-0.0874849
-0.0711413
-0.108672
-0.110987
-0.0842336
-0.026471
-0.0123959
-0.0221815
-0.372941
-0.487388
-0.134362
-0.119537
-0.196717
-0.20559
-0.151209
-0.0401327
-0.0165503
-0.035596
0.101703
0.323612
0.462594
0.413493
0.301175
0.251559
0.231032
0.19198
0.157738
0.13767
0.0578602
0.172615
0.239193
0.215327
0.157139
0.129699
0.117776
0.0957456
0.0781823
0.0685666
-0.212171
-0.284633
-0.0874849
-0.0711413
-0.108672
-0.110987
-0.0842336
-0.026471
-0.0123959
-0.0221815
0.0578602
0.172615
0.239193
0.215327
0.157139
0.129699
0.117776
0.0957456
0.0781823
0.0685666
0.0329174
0.092493
0.124029
0.112458
0.0823979
0.0672247
0.060394
0.0480679
0.0389974
0.03442
2.8968
3.20514
1.63717
0.942013
0.357909
0.340266
0.232412
0.186746
0.156029
0.171913
-0.84695
-1.40867
-0.970915
-0.486961
-0.197019
-0.0951021
-0.0295231
-0.0326668
-0.0415174
-0.0676399
-0.468755
-0.770436
-0.509901
-0.243542
-0.0998711
-0.0534124
-0.0214673
-0.0236198
-0.027907
-0.042244
-0.84695
-1.40867
-0.970915
-0.486961
-0.197019
-0.0951021
-0.0295231
-0.0326668
-0.0415174
-0.0676399
0.247627
0.872733
0.815187
0.42203
0.234695
0.125369
0.101462
0.0735164
0.0537726
0.0800616
0.137052
0.466946
0.425836
0.214098
0.11765
0.0625082
0.0511608
0.038647
0.0297887
0.0437299
-0.468755
-0.770436
-0.509901
-0.243542
-0.0998711
-0.0534124
-0.0214673
-0.0236198
-0.027907
-0.042244
0.137052
0.466946
0.425836
0.214098
0.11765
0.0625082
0.0511608
0.038647
0.0297887
0.0437299
0.0758533
0.250172
0.222829
0.10877
0.0591273
0.0314311
0.0261527
0.0206631
0.016752
0.0241735
