1.13004
1.92759
1.11733
0.549887
0.356447
0.252617
0.250701
0.187764
0.124331
0.118059
-0.357743
-0.528983
-0.216512
-0.124181
-0.156068
-0.178493
-0.166573
-0.0782462
-0.0284593
-0.0296863
-0.201145
-0.302491
-0.131052
-0.0758799
-0.0886402
-0.0964563
-0.0906938
-0.0455892
-0.0186344
-0.0189367
-0.357743
-0.528983
-0.216512
-0.124181
-0.156068
-0.178493
-0.166573
-0.0782462
-0.0284593
-0.0296863
0.113253
0.31673
0.424474
0.39981
0.319274
0.267573
0.234754
0.189568
0.15281
0.13619
0.0636776
0.169363
0.219363
0.206937
0.165537
0.137568
0.119806
0.0948464
0.0752753
0.0670074
-0.201145
-0.302491
-0.131052
-0.0758799
-0.0886402
-0.0964563
-0.0906938
-0.0455892
-0.0186344
-0.0189367
0.0636776
0.169363
0.219363
0.206937
0.165537
0.137568
0.119806
0.0948464
0.0752753
0.0670074
0.0358034
0.0909327
0.113752
0.107465
0.0862302
0.07107
0.0614806
0.04779
0.0373381
0.0332145
2.29807
3.02046
1.44567
0.940612
0.426745
0.237033
0.222771
0.180183
0.144246
0.138583
-0.791581
-1.35412
-0.952444
-0.500344
-0.187521
-0.0965962
-0.0407989
-0.0172491
-0.0327745
-0.0609442
-0.435648
-0.738915
-0.502146
-0.251362
-0.0915622
-0.0519194
-0.0280191
-0.016139
-0.0225701
-0.0373174
-0.791581
-1.35412
-0.952444
-0.500344
-0.187521
-0.0965962
-0.0407989
-0.0172491
-0.0327745
-0.0609442
0.272664
0.838916
0.832578
0.437396
0.234144
0.123591
0.0837584
0.0678701
0.053448
0.0733032
0.150061
0.448749
0.434922
0.222381
0.117614
0.0622055
0.0422742
0.0352201
0.029202
0.0403921
-0.435648
-0.738915
-0.502146
-0.251362
-0.0915622
-0.0519194
-0.0280191
-0.016139
-0.0225701
-0.0373174
0.150061
0.448749
0.434922
0.222381
0.117614
0.0622055
0.0422742
0.0352201
0.029202
0.0403921
0.0825862
0.240344
0.227545
0.113203
0.059217
0.0316404
0.0218034
0.0186896
0.0161949
0.0224642
