0.934668
1.7107
1.13154
0.55459
0.285855
0.167864
0.197969
0.192711
0.128322
0.107911
-0.31914
-0.515953
-0.255151
-0.117611
-0.110481
-0.127204
-0.153663
-0.107284
-0.0430836
-0.0303957
-0.178223
-0.292168
-0.150835
-0.0724474
-0.0646483
-0.0693267
-0.0822221
-0.0595338
-0.026442
-0.0194559
-0.31914
-0.515953
-0.255151
-0.117611
-0.110481
-0.127204
-0.153663
-0.107284
-0.0430836
-0.0303957
0.108969
0.301344
0.398359
0.382315
0.325335
0.276642
0.232144
0.184485
0.143788
0.121574
0.0608537
0.161341
0.206018
0.196781
0.167901
0.142041
0.118584
0.0928218
0.0708614
0.0595606
-0.178223
-0.292168
-0.150835
-0.0724474
-0.0646483
-0.0693267
-0.0822221
-0.0595338
-0.026442
-0.0194559
0.0608537
0.161341
0.206018
0.196781
0.167901
0.142041
0.118584
0.0928218
0.0708614
0.0595606
0.0339836
0.0866893
0.106931
0.101627
0.0870153
0.0732578
0.0608816
0.047042
0.0352358
0.0294615
1.85123
2.64327
1.22205
0.728888
0.477091
0.236312
0.183792
0.166958
0.136209
0.114069
-0.707515
-1.23859
-0.873802
-0.488943
-0.211902
-0.0920354
-0.0476564
-0.0216799
-0.0257533
-0.0452068
-0.384195
-0.670471
-0.460409
-0.245267
-0.103432
-0.0476536
-0.0302026
-0.0190474
-0.0197627
-0.0283259
-0.707515
-1.23859
-0.873802
-0.488943
-0.211902
-0.0920354
-0.0476564
-0.0216799
-0.0257533
-0.0452068
0.270402
0.84039
0.91793
0.513072
0.240067
0.128703
0.0825225
0.0701051
0.0592535
0.0666997
0.146834
0.446381
0.478079
0.261027
0.119706
0.0643589
0.0415142
0.036049
0.0316931
0.036369
-0.384195
-0.670471
-0.460409
-0.245267
-0.103432
-0.0476536
-0.0302026
-0.0190474
-0.0197627
-0.0283259
0.146834
0.446381
0.478079
0.261027
0.119706
0.0643589
0.0415142
0.036049
0.0316931
0.036369
0.079734
0.237336
0.249343
0.132982
0.0597923
0.0324648
0.0213766
0.0190713
0.017316
0.0200506
