1.21316
2.0265
1.14012
0.565919
0.3641
0.265395
0.268374
0.192101
0.133182
0.125829
-0.359759
-0.516131
-0.205327
-0.134582
-0.167775
-0.191635
-0.172431
-0.0777299
-0.0341993
-0.0333136
-0.202446
-0.295785
-0.124713
-0.0809654
-0.0943866
-0.103164
-0.0939941
-0.0452314
-0.0214709
-0.0208639
-0.359759
-0.516131
-0.205327
-0.134582
-0.167775
-0.191635
-0.172431
-0.0777299
-0.0341993
-0.0333136
0.106686
0.314113
0.433129
0.404747
0.32169
0.27308
0.240218
0.194506
0.159429
0.14349
0.0600349
0.167466
0.223847
0.20994
0.16692
0.140507
0.122628
0.0973213
0.078769
0.0707325
-0.202446
-0.295785
-0.124713
-0.0809654
-0.0943866
-0.103164
-0.0939941
-0.0452314
-0.0214709
-0.0208639
0.0600349
0.167466
0.223847
0.20994
0.16692
0.140507
0.122628
0.0973213
0.078769
0.0707325
0.0337833
0.0896448
0.116042
0.109229
0.086995
0.0726182
0.0629309
0.0490122
0.0391627
0.035111
2.41077
3.05826
1.435
0.952216
0.411033
0.246772
0.240235
0.191593
0.14839
0.146513
-0.794603
-1.35227
-0.951023
-0.493398
-0.184466
-0.0953179
-0.0335545
-0.0150532
-0.0348626
-0.0651772
-0.438355
-0.738529
-0.500713
-0.247652
-0.0903073
-0.0518193
-0.024818
-0.0151069
-0.0236428
-0.0398095
-0.794603
-1.35227
-0.951023
-0.493398
-0.184466
-0.0953179
-0.0335545
-0.0150532
-0.0348626
-0.0651772
0.261906
0.832105
0.825314
0.435785
0.235132
0.11997
0.0826556
0.0652913
0.0519743
0.0747666
0.144484
0.445477
0.431396
0.22162
0.118113
0.060107
0.0414547
0.0338306
0.028582
0.0413523
-0.438355
-0.738529
-0.500713
-0.247652
-0.0903073
-0.0518193
-0.024818
-0.0151069
-0.0236428
-0.0398095
0.144484
0.445477
0.431396
0.22162
0.118113
0.060107
0.0414547
0.0338306
0.028582
0.0413523
0.0797069
0.23879
0.225828
0.112838
0.0594735
0.0304518
0.0212588
0.0179351
0.0159445
0.0230743
