2.1911
2.82501
0.417503
0.224622
0.593154
0.139735
0.21246
0.339883
0.190926
0.184986
-1.01177
-0.91172
0.166945
-0.414058
-0.414311
0.0793487
-0.260982
-0.330198
-0.0847954
-0.0747242
-0.589718
-0.557958
0.0745844
-0.222424
-0.240815
0.0331273
-0.136345
-0.175518
-0.0461199
-0.0445449
-1.01177
-0.91172
0.166945
-0.414058
-0.414311
0.0793487
-0.260982
-0.330198
-0.0847954
-0.0747242
0.467199
0.302968
0.0828479
0.816675
0.516585
0.0775158
0.50358
0.42625
0.138035
0.248166
0.27231
0.184436
0.0382303
0.434227
0.277621
0.0351592
0.262342
0.222839
0.0701362
0.126439
-0.589718
-0.557958
0.0745844
-0.222424
-0.240815
0.0331273
-0.136345
-0.175518
-0.0461199
-0.0445449
0.27231
0.184436
0.0382303
0.434227
0.277621
0.0351592
0.262342
0.222839
0.0701362
0.126439
0.158718
0.112384
0.0177282
0.2313
0.150492
0.0161065
0.13688
0.117095
0.0358417
0.0648247
7.32442
6.37234
0.0728374
1.23264
0.51191
0.304588
0.173837
0.202963
0.204893
0.148895
-1.98211
-1.74059
-0.0286041
-0.508541
-0.335483
-0.00186107
0.0523046
-0.0141317
0.0629848
0.0247534
-1.19768
-1.05688
-0.0186427
-0.275278
-0.169376
0.000448854
0.0311033
-0.0136568
0.0260704
0.00499725
-1.98211
-1.74059
-0.0286041
-0.508541
-0.335483
-0.00186107
0.0523046
-0.0141317
0.0629848
0.0247534
0.536395
0.506907
0.0443838
0.39907
0.302209
0.0220241
0.108034
0.0581984
0.037219
0.110004
0.324114
0.305141
0.0246847
0.209317
0.152271
0.00961157
0.0552637
0.0288758
0.0161631
0.0557083
-1.19768
-1.05688
-0.0186427
-0.275278
-0.169376
0.000448854
0.0311033
-0.0136568
0.0260704
0.00499725
0.324114
0.305141
0.0246847
0.209317
0.152271
0.00961157
0.0552637
0.0288758
0.0161631
0.0557083
0.195845
0.183894
0.0138694
0.109924
0.0767733
0.00432511
0.0285119
0.0153605
0.00752297
0.0288685
