2.4238
2.98083
0.340985
0.333228
0.657903
0.115308
0.276596
0.391247
0.216721
0.186009
-1.02564
-0.841384
0.187815
-0.499955
-0.359354
0.106618
-0.344108
-0.36397
-0.0936245
-0.0522142
-0.601848
-0.522583
0.0889878
-0.271938
-0.21521
0.0500534
-0.178827
-0.192716
-0.0522531
-0.0354326
-1.02564
-0.841384
0.187815
-0.499955
-0.359354
0.106618
-0.344108
-0.36397
-0.0936245
-0.0522142
0.434005
0.238188
0.10465
0.850682
0.467157
0.108547
0.5449
0.38321
0.150321
0.27658
0.254675
0.147867
0.0496468
0.454915
0.250013
0.0510158
0.286358
0.200734
0.0767261
0.14032
-0.601848
-0.522583
0.0889878
-0.271938
-0.21521
0.0500534
-0.178827
-0.192716
-0.0522531
-0.0354326
0.254675
0.147867
0.0496468
0.454915
0.250013
0.0510158
0.286358
0.200734
0.0767261
0.14032
0.149444
0.0918028
0.0235599
0.243816
0.135179
0.023995
0.150725
0.105736
0.0393447
0.0717411
7.96331
6.26779
0.00562028
1.55844
0.528034
0.313638
0.119027
0.248155
0.116524
0.197423
-1.9587
-1.60729
-0.00439592
-0.583943
-0.353312
0.0276879
0.0193589
-0.0393695
0.0619198
0.0240417
-1.19838
-0.986125
-0.00276757
-0.316139
-0.177251
0.0159983
0.0153509
-0.0285773
0.0289229
0.000490244
-1.9587
-1.60729
-0.00439592
-0.583943
-0.353312
0.0276879
0.0193589
-0.0393695
0.0619198
0.0240417
0.481772
0.4163
0.00715594
0.390562
0.257562
0.0122276
0.115847
0.0405835
0.0432684
0.108646
0.294759
0.255044
0.00433758
0.204805
0.129231
0.00535306
0.059934
0.0193325
0.0197093
0.0548482
-1.19838
-0.986125
-0.00276757
-0.316139
-0.177251
0.0159983
0.0153509
-0.0285773
0.0289229
0.000490244
0.294759
0.255044
0.00433758
0.204805
0.129231
0.00535306
0.059934
0.0193325
0.0197093
0.0548482
0.18034
0.156284
0.00268727
0.107541
0.0648483
0.00248817
0.0313613
0.0103564
0.00942387
0.0285994
