3.85885e-19
1.13158e-18
1.80196e-18
2.35605e-18
2.76533e-18
3.01603e-18
3.10948e-18
0
0
0
-2.36446e-18
-6.93355e-18
-1.1041e-17
-1.44357e-17
-1.69429e-17
-1.84782e-17
-1.90498e-17
0
0
0
-9.68922e-19
-2.84128e-18
-4.52448e-18
-5.91565e-18
-6.94314e-18
-7.57239e-18
-7.80678e-18
0
0
0
-2.36446e-18
-6.93355e-18
-1.1041e-17
-1.44357e-17
-1.69429e-17
-1.84782e-17
-1.90498e-17
0
0
0
1.44879e-17
4.2484e-17
6.76506e-17
8.8449e-17
1.03807e-16
1.13209e-16
1.16706e-16
0
0
0
5.93693e-18
1.74094e-17
2.77225e-17
3.62457e-17
4.25399e-17
4.63935e-17
4.78271e-17
0
0
0
-9.68922e-19
-2.84128e-18
-4.52448e-18
-5.91565e-18
-6.94314e-18
-7.57239e-18
-7.80678e-18
0
0
0
5.93693e-18
1.74094e-17
2.77225e-17
3.62457e-17
4.25399e-17
4.63935e-17
4.78271e-17
0
0
0
2.43287e-18
7.13415e-18
1.13604e-17
1.48532e-17
1.74327e-17
1.90121e-17
1.96e-17
0
0
0
3.50463e-10
1.02348e-09
1.61683e-09
2.09004e-09
2.41896e-09
2.59753e-09
2.63656e-09
0
0
0
-2.0774e-09
-6.06644e-09
-9.58229e-09
-1.23848e-08
-1.43307e-08
-1.53843e-08
-1.56103e-08
0
0
0
-8.60595e-10
-2.51316e-09
-3.96982e-09
-5.13114e-09
-5.93775e-09
-6.3749e-09
-6.46921e-09
0
0
0
-2.0774e-09
-6.06644e-09
-9.58229e-09
-1.23848e-08
-1.43307e-08
-1.53843e-08
-1.56103e-08
0
0
0
1.2314e-08
3.59574e-08
5.67905e-08
7.33878e-08
8.48995e-08
9.11167e-08
9.24242e-08
0
0
0
5.10125e-09
1.48962e-08
2.35276e-08
3.04052e-08
3.51771e-08
3.77565e-08
3.83024e-08
0
0
0
-8.60595e-10
-2.51316e-09
-3.96982e-09
-5.13114e-09
-5.93775e-09
-6.3749e-09
-6.46921e-09
0
0
0
5.10125e-09
1.48962e-08
2.35276e-08
3.04052e-08
3.51771e-08
3.77565e-08
3.83024e-08
0
0
0
2.11327e-09
6.17106e-09
9.74717e-09
1.25972e-08
1.45752e-08
1.56454e-08
1.58733e-08
0
0
0
