1.16227
1.80088
0.666514
0.121852
0.219723
0.245922
0.254711
0.237046
0.197048
0.159461
-0.399169
-0.504097
-0.103778
-0.121411
-0.206787
-0.146215
-0.071475
0.0226887
0.0109382
-0.0505204
-0.22572
-0.293053
-0.067826
-0.0659848
-0.112198
-0.0806426
-0.043108
0.00350646
-0.000240796
-0.0297565
-0.399169
-0.504097
-0.103778
-0.121411
-0.206787
-0.146215
-0.071475
0.0226887
0.0109382
-0.0505204
0.13709
0.341999
0.422623
0.37899
0.262966
0.208788
0.208369
0.174475
0.138873
0.117681
0.0775208
0.182686
0.216696
0.196982
0.136993
0.105169
0.103999
0.0855329
0.0678717
0.0586734
-0.22572
-0.293053
-0.067826
-0.0659848
-0.112198
-0.0806426
-0.043108
0.00350646
-0.000240796
-0.0297565
0.0775208
0.182686
0.216696
0.196982
0.136993
0.105169
0.103999
0.0855329
0.0678717
0.0586734
0.043836
0.0981343
0.111491
0.102631
0.0718606
0.0533991
0.0522206
0.0422955
0.0334771
0.0295397
2.93885
3.92001
1.64661
0.772789
0.409363
0.339786
0.234123
0.138861
0.135583
0.140932
-0.896831
-1.50687
-0.947426
-0.445015
-0.177507
-0.108857
-0.0625479
-0.0273907
-0.0239901
-0.049985
-0.494097
-0.82791
-0.506314
-0.223911
-0.0889423
-0.0594705
-0.0358799
-0.0187488
-0.0183263
-0.0317089
-0.896831
-1.50687
-0.947426
-0.445015
-0.177507
-0.108857
-0.0625479
-0.0273907
-0.0239901
-0.049985
0.27368
0.880639
0.898519
0.452726
0.242546
0.168662
0.130648
0.0870221
0.0456563
0.0655302
0.15078
0.469447
0.466383
0.228137
0.121222
0.0852871
0.0661246
0.0445886
0.0244793
0.0354085
-0.494097
-0.82791
-0.506314
-0.223911
-0.0889423
-0.0594705
-0.0358799
-0.0187488
-0.0183263
-0.0317089
0.15078
0.469447
0.466383
0.228137
0.121222
0.0852871
0.0661246
0.0445886
0.0244793
0.0354085
0.0830703
0.25071
0.242677
0.115232
0.060717
0.0432775
0.0336503
0.0231111
0.0134166
0.0193967
