1.1445
1.78237
0.665689
0.117431
0.215169
0.241518
0.247685
0.235147
0.198833
0.162338
-0.399452
-0.508091
-0.104989
-0.117402
-0.205047
-0.14323
-0.0701702
0.0211261
0.0122731
-0.0506861
-0.225811
-0.295238
-0.0686481
-0.0637993
-0.111258
-0.0791569
-0.0422555
0.00273142
0.000288655
-0.0298734
-0.399452
-0.508091
-0.104989
-0.117402
-0.205047
-0.14323
-0.0701702
0.0211261
0.0122731
-0.0506861
0.139416
0.34407
0.420597
0.377546
0.263486
0.207919
0.206863
0.17306
0.136707
0.116261
0.0788123
0.18391
0.215546
0.196031
0.137276
0.104702
0.103182
0.0848401
0.0667308
0.0579733
-0.225811
-0.295238
-0.0686481
-0.0637993
-0.111258
-0.0791569
-0.0422555
0.00273142
0.000288655
-0.0298734
0.0788123
0.18391
0.215546
0.196031
0.137276
0.104702
0.103182
0.0848401
0.0667308
0.0579733
0.0445528
0.0988584
0.110854
0.10203
0.0720151
0.0531581
0.0517765
0.0419596
0.0328869
0.0291947
2.91703
3.90603
1.63226
0.765829
0.417072
0.342952
0.23621
0.137301
0.133816
0.13888
-0.897331
-1.50592
-0.943907
-0.442132
-0.175228
-0.107384
-0.0630364
-0.0281132
-0.0243843
-0.0489004
-0.494082
-0.827299
-0.504739
-0.222567
-0.0878057
-0.0587687
-0.0361319
-0.0190598
-0.0185445
-0.031113
-0.897331
-1.50592
-0.943907
-0.442132
-0.175228
-0.107384
-0.0630364
-0.0281132
-0.0243843
-0.0489004
0.276035
0.886444
0.90585
0.455136
0.242383
0.169613
0.130976
0.0877051
0.0460852
0.0649098
0.151988
0.472432
0.470161
0.229342
0.121115
0.0857767
0.0662804
0.0449476
0.0247091
0.0350361
-0.494082
-0.827299
-0.504739
-0.222567
-0.0878057
-0.0587687
-0.0361319
-0.0190598
-0.0185445
-0.031113
0.151988
0.472432
0.470161
0.229342
0.121115
0.0857767
0.0662804
0.0449476
0.0247091
0.0350361
0.0836868
0.252243
0.24463
0.115841
0.0606507
0.0435258
0.0337193
0.0232992
0.013544
0.0191793
