1.69617
2.31214
0.448529
0.101428
0.415062
0.115859
0.0818992
0.179897
0.117739
0.144893
-0.930576
-0.930679
0.117847
-0.264783
-0.392942
0.0350332
-0.114314
-0.162759
0.00742703
-0.0127374
-0.53413
-0.556012
0.0457995
-0.13953
-0.222035
0.0108041
-0.0577831
-0.0867899
0.00161379
-0.0115238
-0.930576
-0.930679
0.117847
-0.264783
-0.392942
0.0350332
-0.114314
-0.162759
0.00742703
-0.0127374
0.510547
0.379332
0.0445349
0.697236
0.488918
0.0467431
0.333525
0.222864
0.0302885
0.173857
0.293042
0.226219
0.0190034
0.366385
0.26451
0.020791
0.170659
0.117449
0.0131379
0.0863321
-0.53413
-0.556012
0.0457995
-0.13953
-0.222035
0.0108041
-0.0577831
-0.0867899
0.00161379
-0.0115238
0.293042
0.226219
0.0190034
0.366385
0.26451
0.020791
0.170659
0.117449
0.0131379
0.0863321
0.1682
0.134943
0.00825623
0.192791
0.144023
0.00953866
0.0875111
0.0624951
0.0057995
0.0431469
6.48149
6.48779
0.276423
1.09555
0.834702
0.197775
0.221777
0.187379
0.25117
0.154197
-2.09252
-2.05164
-0.0699536
-0.584368
-0.531232
-0.0632445
-0.0124026
-0.0531218
0.00188934
0.046837
-1.2484
-1.22861
-0.0453062
-0.317875
-0.275917
-0.0289648
-0.00418128
-0.0286322
-0.0070187
0.0178507
-2.09252
-2.05164
-0.0699536
-0.584368
-0.531232
-0.0632445
-0.0124026
-0.0531218
0.00188934
0.046837
0.675563
0.668022
0.0407809
0.451765
0.459167
0.0486088
0.10669
0.148266
0.0308444
0.0566624
0.403041
0.398419
0.0232526
0.24056
0.236803
0.0224078
0.0556849
0.0741342
0.0125196
0.0272179
-1.2484
-1.22861
-0.0453062
-0.317875
-0.275917
-0.0289648
-0.00418128
-0.0286322
-0.0070187
0.0178507
0.403041
0.398419
0.0232526
0.24056
0.236803
0.0224078
0.0556849
0.0741342
0.0125196
0.0272179
0.240454
0.237757
0.0134488
0.128231
0.122174
0.0104628
0.0291813
0.0375053
0.00545692
0.0135151
