1.16967
1.80873
0.668332
0.123585
0.21745
0.246702
0.263272
0.243245
0.196713
0.15607
-0.395951
-0.498925
-0.103973
-0.1226
-0.204941
-0.148383
-0.0758588
0.0214024
0.0115547
-0.048737
-0.223884
-0.290025
-0.0677446
-0.0666512
-0.111196
-0.0816314
-0.0454298
0.00272626
5.71314e-05
-0.0287971
-0.395951
-0.498925
-0.103973
-0.1226
-0.204941
-0.148383
-0.0758588
0.0214024
0.0115547
-0.048737
0.134036
0.339788
0.424731
0.380213
0.263606
0.208952
0.207122
0.174414
0.14001
0.118423
0.0757882
0.181356
0.217837
0.197662
0.137268
0.105291
0.103396
0.0854722
0.068429
0.0589919
-0.223884
-0.290025
-0.0677446
-0.0666512
-0.111196
-0.0816314
-0.0454298
0.00272626
5.71314e-05
-0.0287971
0.0757882
0.181356
0.217837
0.197662
0.137268
0.105291
0.103396
0.0854722
0.068429
0.0589919
0.0428531
0.0973337
0.112098
0.103009
0.0719717
0.0534743
0.0519302
0.0422487
0.0337476
0.0296704
2.92931
3.8998
1.64568
0.777901
0.410621
0.339231
0.233174
0.138024
0.134528
0.141238
-0.888162
-1.49718
-0.946986
-0.448599
-0.182671
-0.111191
-0.0632935
-0.0280354
-0.0241423
-0.0496437
-0.489386
-0.822532
-0.505888
-0.225601
-0.0914
-0.0605549
-0.0362774
-0.0190863
-0.0183695
-0.031543
-0.888162
-1.49718
-0.946986
-0.448599
-0.182671
-0.111191
-0.0632935
-0.0280354
-0.0241423
-0.0496437
0.269289
0.87407
0.896013
0.451762
0.239107
0.165666
0.129585
0.0869179
0.0455865
0.0645074
0.148381
0.466049
0.465312
0.227778
0.119467
0.0837296
0.0655819
0.0445451
0.0244564
0.0349071
-0.489386
-0.822532
-0.505888
-0.225601
-0.0914
-0.0605549
-0.0362774
-0.0190863
-0.0183695
-0.031543
0.148381
0.466049
0.465312
0.227778
0.119467
0.0837296
0.0655819
0.0445451
0.0244564
0.0349071
0.0817595
0.248942
0.242229
0.115113
0.0598208
0.0424711
0.033379
0.0230968
0.0134104
0.0191507
