 1.449722315658862
 -1.067834380233602
 0.6870465929153218
 -0.3617099145266948
 0.09355073081109548
 -1.067834380233596
 3.909399216649382
 -4.397612563864634
 2.707401952310821
 -0.7820540795205488
 0.687046592915328
 -4.397612563864649
 10.94629107825264
 -10.27635083973431
 3.528097894682783
 -0.361709914526684
 2.707401952310829
 -10.27635083973434
 15.76850545029136
 -7.589540090187524
 0.09355073081110478
 -0.7820540795205586
 3.528097894682787
 -7.589540090187542
 5.554420401734431
 1.225004949707245
 -0.6283993614494254
 0.3998591363609387
 -0.2134902177339446
 0.05865265615534704
 -0.6283993614494292
 2.47871089721358
 -2.395450941365687
 1.438926043251533
 -0.4265178627306381
 0.3998591363609384
 -2.39545094136569
 6.152471202314994
 -5.567337550742037
 1.930717275950673
 -0.2134902177339433
 1.438926043251536
 -5.567337550742034
 9.121686298737517
 -4.50839920224622
 0.05865265615534786
 -0.4265178627306324
 1.930717275950675
 -4.508399202246219
 3.771927164467229
 1.126505189490579
 -0.4182545792344485
 0.2612453077358566
 -0.1434019537634715
 0.04143287248560365
 -0.4182545792344485
 1.88408595135006
 -1.549676910663908
 0.9104897222758751
 -0.2767100844432102
 0.2612453077358583
 -1.549676910663906
 4.166984101011071
 -3.591884451811722
 1.254692185661344
 -0.1434019537634715
 0.910489722275875
 -3.591884451811723
 6.265390929896913
 -3.137664349010251
 0.04143287248560493
 -0.2767100844432107
 1.254692185661346
 -3.137664349010253
 2.951883551195275
 1.074719602135269
 -0.2959490974412234
 0.1792346292271683
 -0.1009844483055746
 0.03084733681427806
 -0.2959490974412234
 1.584997027518593
 -1.112132944082516
 0.6399567961226006
 -0.2006875255569272
 0.1792346292271689
 -1.112132944082516
 3.146618667683977
 -2.55756489319642
 0.9012058091041986
 -0.1009844483055747
 0.6399567961226009
 -2.55756489319642
 4.743683765433988
 -2.389397738216819
 0.03084733681427805
 -0.2006875255569275
 0.9012058091041985
 -2.389397738216819
 2.493824659407406
 1.045132289159799
 -0.2164004663430464
 0.1256623766177937
 -0.07220804739413628
 0.02310160424958129
 -0.2164004663430457
 1.411258874225499
 -0.8505037255337227
 0.4793866381270145
 -0.1541752855766167
 0.1256623766177933
 -0.850503725533723
 2.555227983528511
 -1.946440625784933
 0.6884649970535338
 -0.0722080473941363
 0.4793866381270125
 -1.946440625784931
 3.820160486078437
 -1.914249781853566
 0.02310160424958141
 -0.1541752855766155
 0.6884649970535328
 -1.914249781853566
 2.192651008494053
 1.02750247295625
 -0.1612325404972128
 0.08869318495563067
 -0.05160258180692787
 0.01721440258663865
 -0.1612325404972124
 1.300595178679458
 -0.6770199301665439
 0.3739726994811666
 -0.1232214286077586
 0.0886931849556305
 -0.6770199301665429
 2.174695816417553
 -1.546609146283946
 0.5483382258477054
 -0.05160258180692792
 0.3739726994811673
 -1.546609146283945
 3.208354875788426
 -1.589342595114479
 0.0172144025866387
 -0.1232214286077578
 0.5483382258477045
 -1.589342595114478
 1.982183362380385
 1.016887470812956
 -0.1220052699291806
 0.06304507004176776
 -0.03681870520766654
 0.01278241727428969
 -0.1220052699291811
 1.228194801062047
 -0.557669724518971
 0.3017894108401469
 -0.1021074715649184
 0.06304507004176779
 -0.5576697245189712
 1.916848861080864
 -1.269857136664427
 0.451905489866427
 -0.03681870520766657
 0.3017894108401461
 -1.269857136664427
 2.784802571785037
 -1.360440578531363
 0.0127824172742896
 -0.1021074715649193
 0.4519054898664267
 -1.360440578531364
 1.832515461494104
 1.010623083819097
 -0.09416340565633022
 0.04530863470135729
 -0.02636919594228954
 0.009455029032880322
 -0.09416340565632968
 1.177092886782115
 -0.469003754223826
 0.2484403588514303
 -0.08597046597633916
 0.04530863470135754
 -0.4690037542238253
 1.733476192260182
 -1.069018821478202
 0.3809782741149461
 -0.02636919594229001
 0.2484403588514297
 -1.069018821478202
 2.473819799827983
 -1.185945848031797
 0.009455029032880587
 -0.08597046597633914
 0.3809782741149461
 -1.185945848031798
 1.716056852084268
 1.006456561288491
 -0.07187208745840122
 0.0321338857302093
 -0.01850621491157614
 0.006800681840676887
 -0.07187208745840123
 1.140151970881237
 -0.402177853429824
 0.2081552485424125
 -0.073329794343841
 0.03213388573020916
 -0.402177853429824
 1.600919643468012
 -0.9198867619774225
 0.3275108449458206
 -0.01850621491157598
 0.2081552485424121
 -0.919886761977422
 2.239272820357495
 -1.048923594256982
 0.006800681840676805
 -0.07332979434384089
 0.3275108449458203
 -1.048923594256982
 1.62278229830554
 1.004037243107567
 -0.05589101888557953
 0.02306520260599002
 -0.01306906324965113
 0.00491014709383908
 -0.05589101888557955
 1.112499472268081
 -0.3487903082973768
 0.1760378439476973
 -0.06311529141003479
 0.02306520260598979
 -0.3487903082973763
 1.497780763726917
 -0.8013552500438431
 0.2851958721391322
 -0.01306906324965089
 0.1760378439476975
 -0.8013552500438432
 2.055314276025726
 -0.9397491186638158
 0.004910147093839017
 -0.06311529141003429
 0.2851958721391321
 -0.9397491186638155
 1.548334444175616
